20,0,0,0,0,0,0,0,30975,0,0,0
20,0,0,0,0,0,0,0,30993,0,0,0
20,0,0,0,0,0,0,0,31011,0,0,0
20,0,0,0,0,0,0,0,31036,0,0,0
20,0,0,0,0,0,0,0,31066,0,0,0
20,0,0,0,0,0,0,0,31100,0,0,0
20,0,0,0,0,0,0,0,31131,0,0,0
20,0,0,0,0,0,0,0,31161,0,0,0
20,0,0,0,0,0,0,0,31191,0,0,0
20,0,0,0,0,0,0,0,31221,0,0,0
20,0,0,0,0,0,0,0,31252,0,0,0
20,0,0,0,0,0,0,0,31282,0,0,0
20,0,0,0,0,0,0,0,31312,0,0,0
20,0,0,0,0,0,0,0,31342,0,0,0
20,0,0,0,0,0,0,0,31372,0,0,0
20,0,0,0,0,0,0,0,31402,0,0,0
20,0,0,0,0,0,0,0,31432,0,0,0
20,0,0,0,0,0,0,0,31462,0,0,0
20,0,0,0,0,0,0,0,31492,0,0,0
20,0,0,0,0,0,0,0,31522,0,0,0
20,0,0,0,0,0,0,0,31552,0,0,0
20,0,0,0,0,0,0,0,31582,0,0,0
20,0,0,0,0,0,0,0,31614,0,0,0
20,0,0,0,0,0,0,0,31643,0,0,0
20,0,0,0,0,0,0,0,31674,0,0,0
20,0,0,0,0,0,0,0,31704,0,0,0
20,0,0,0,0,0,0,0,31732,0,0,0
20,0,0,0,0,0,0,0,31765,0,0,0
20,0,0,0,0,0,0,0,31792,0,0,0
20,0,0,0,0,0,0,0,31825,0,0,0
20,0,0,0,0,0,0,0,31852,0,0,0
20,0,0,0,0,0,0,0,31885,0,0,0
20,0,0,0,0,0,0,0,31915,0,0,0
20,0,0,0,0,0,0,0,31945,0,0,0
20,0,0,0,0,0,0,0,31976,0,0,0
20,0,0,0,0,0,0,0,32005,0,0,0
20,0,0,0,0,0,0,0,32033,0,0,0
20,0,0,0,0,0,0,0,32064,0,0,0
20,0,0,0,0,0,0,0,32094,0,0,0
20,0,0,0,0,0,0,0,32126,0,0,0
20,0,0,0,0,0,0,0,32154,0,0,0
20,0,0,0,0,0,0,0,32186,0,0,0
20,0,0,0,0,0,0,0,32214,0,0,0
20,0,0,0,0,0,0,0,32247,0,0,0
20,0,0,0,0,0,0,0,32275,0,0,0
20,0,0,0,0,0,0,0,32305,0,0,0
20,0,0,0,0,0,0,0,32336,0,0,0
20,0,0,0,0,0,0,0,32367,0,0,0
20,0,0,0,0,0,0,0,32396,0,0,0
20,0,0,0,0,0,0,0,32428,0,0,0
20,0,0,0,0,0,0,0,32456,0,0,0
20,0,0,0,0,0,0,0,32488,0,0,0
20,0,0,0,0,0,0,0,32516,0,0,0
20,0,0,0,0,0,0,0,32547,0,0,0
20,0,0,0,0,0,0,0,32579,0,0,0
20,0,0,0,0,0,0,0,32607,0,0,0
20,0,0,0,0,0,0,0,32639,0,0,0
20,0,0,0,0,0,0,0,32669,0,0,0
20,0,0,0,0,0,0,0,32699,0,0,0
40,0,0,0,0,0,0,0,32722,0,0,0
40,0,0,0,0,0,0,0,32758,0,0,0
40,0,0,0,0,0,0,0,32788,0,0,0
40,0,0,0,0,0,0,0,32818,0,0,0
40,0,0,0,0,0,0,0,32848,0,0,0
40,0,0,0,0,0,0,0,32878,0,0,0
40,0,0,0,0,0,0,0,32911,0,0,0
40,0,0,0,0,0,0,0,32939,0,0,0
40,0,0,0,0,0,0,0,32971,0,0,0
40,0,0,0,0,0,0,0,33001,0,0,0
40,0,0,0,0,0,0,0,33029,0,0,0
40,0,0,0,0,0,0,0,33062,0,0,0
40,0,0,0,0,0,0,0,33092,0,0,0
40,0,0,0,0,0,0,0,33121,0,0,0
40,0,0,0,0,0,0,0,33152,0,0,0
40,0,0,0,0,0,0,0,33182,0,0,0
40,0,0,0,0,0,0,0,33212,0,0,0
40,0,0,0,0,0,0,0,33242,0,0,0
40,0,0,0,0,0,0,0,33272,0,0,0
40,0,0,0,0,0,0,0,33302,0,0,0
40,0,0,0,0,0,0,0,33332,0,0,0
40,0,0,0,0,0,0,0,33363,0,0,0
40,0,0,0,0,0,0,0,33393,0,0,0
40,0,0,0,0,0,0,0,33424,0,0,0
40,0,0,0,0,0,0,0,33454,0,0,0
40,0,0,0,0,0,0,0,33482,0,0,0
40,0,0,0,0,0,0,0,33512,0,0,0
40,0,0,0,0,0,0,0,33542,0,0,0
40,0,0,0,0,0,0,0,33572,0,0,0
40,0,0,0,0,0,0,0,33604,0,0,0
40,0,0,0,0,0,0,0,33634,0,0,0
40,0,0,0,0,0,0,0,33664,0,0,0
40,0,0,0,0,0,0,0,33692,0,0,0
40,0,0,0,0,0,0,0,33725,0,0,0
40,0,0,0,0,0,0,0,33755,0,0,0
40,0,0,0,0,0,0,0,33782,0,0,0
40,0,0,0,0,0,0,0,33812,0,0,0
40,0,0,0,0,0,0,0,33842,0,0,0
40,0,0,0,0,0,0,0,33872,0,0,0
40,0,0,0,0,0,0,0,33902,0,0,0
40,0,0,0,0,0,0,0,33935,0,0,0
40,0,0,0,0,0,0,0,33966,0,0,0
40,0,0,0,0,0,0,0,33997,0,0,0
40,0,0,0,0,0,0,0,34025,0,0,0
40,0,0,0,0,0,0,0,34055,0,0,0
40,0,0,0,0,0,0,0,34085,0,0,0
40,0,0,0,0,0,0,0,34115,0,0,0
40,0,0,0,0,0,0,0,34146,0,0,0
40,0,0,0,0,0,0,0,34175,0,0,0
40,0,0,0,0,0,0,0,34208,0,0,0
40,0,0,0,0,0,0,0,34236,0,0,0
40,0,0,0,0,0,0,0,34267,0,0,0
40,0,0,0,0,0,0,0,34296,0,0,0
40,0,0,0,0,0,0,0,34328,0,0,0
40,0,0,0,0,0,0,0,34358,0,0,0
40,0,0,0,0,0,0,0,34388,0,0,0
40,0,0,0,0,0,0,0,34418,0,0,0
40,0,0,0,0,0,0,0,34448,0,0,0
40,0,0,0,0,0,0,0,34475,0,0,0
40,0,0,0,0,0,0,0,34509,0,0,0
40,0,0,0,0,0,0,0,34532,0,0,0
40,0,0,0,0,0,0,0,34562,0,0,0
40,0,0,0,0,0,0,0,34592,0,0,0
40,0,0,0,0,0,0,0,34629,0,0,0
40,0,0,0,0,0,0,0,34657,0,0,0
40,0,0,0,0,0,0,0,34690,0,0,0
40,0,0,0,0,0,0,0,34720,0,0,0
40,0,0,0,0,0,0,0,34750,0,0,0
40,0,0,0,0,0,0,0,34778,0,0,0
40,0,0,0,0,0,0,0,34808,0,0,0
40,0,0,0,0,0,0,0,34841,0,0,0
40,0,0,0,0,0,0,0,34870,0,0,0
40,0,0,0,0,0,0,0,34900,0,0,0
40,0,0,0,0,0,0,0,34930,0,0,0
40,0,0,0,0,0,0,0,34960,0,0,0
40,0,0,0,0,0,0,0,34992,0,0,0
30,0,0,0,0,1,0,0,35016,0,0,0
30,0,0,0,0,1,0,0,35051,0,0,0
30,0,0,0,0,1,0,0,35082,0,0,0
30,0,0,0,0,1,0,0,35112,0,0,0
30,0,0,0,0,1,0,0,35142,0,0,0
30,0,0,0,0,1,0,0,35172,0,0,0
30,0,0,0,0,1,0,0,35202,0,0,0
30,0,0,0,0,1,0,0,35231,0,0,0
30,0,0,0,0,1,0,0,35263,0,0,0
30,0,0,0,0,1,0,0,35292,0,0,0
30,0,0,0,0,1,0,0,35324,0,0,0
30,0,0,0,0,1,0,0,35352,0,0,0
30,0,0,0,0,1,0,0,35383,0,0,0
30,0,0,0,0,1,0,0,35413,0,0,0
30,0,0,0,0,1,0,0,35444,0,0,0
30,0,0,0,0,1,0,0,35475,0,0,0
30,0,0,0,0,1,0,0,35504,0,0,0
30,0,0,0,0,1,0,0,35532,0,0,0
30,0,0,0,0,1,0,0,35562,0,0,0
30,0,0,0,0,1,0,0,35594,0,0,0
30,0,0,0,0,1,0,0,35622,0,0,0
30,0,0,0,0,1,0,0,35655,0,0,0
30,0,0,0,0,1,0,0,35682,0,0,0
30,0,0,0,0,1,0,0,35712,0,0,0
30,0,0,0,0,1,0,0,35746,0,0,0
30,0,0,0,0,1,0,0,35774,0,0,0
30,0,0,0,0,1,0,0,35802,0,0,0
30,0,0,0,0,1,0,0,35831,0,0,0
30,0,0,0,0,1,0,0,35866,0,0,0
30,0,0,0,0,1,0,0,35896,0,0,0
30,0,0,0,0,1,0,0,35926,0,0,0
30,0,0,0,0,1,0,0,35957,0,0,0
30,0,0,0,0,1,0,0,35987,0,0,0
30,0,0,0,0,1,0,0,36017,0,0,0
30,0,0,0,0,1,1,0,36017,0,0,0
30,0,0,0,0,1,1,0,36077,0,0,0
30,0,0,0,0,1,1,0,36103,0,0,0
30,0,0,0,0,1,1,0,36133,0,0,0
30,0,0,0,0,1,1,0,36168,0,0,0
30,0,0,0,0,1,1,0,36194,0,0,0
30,0,0,0,0,1,1,0,36224,0,0,0
30,0,0,0,0,1,1,0,36258,0,0,0
30,0,0,0,0,1,1,0,36285,0,0,0
30,0,0,0,0,1,1,0,36315,0,0,0
30,0,0,0,0,1,1,0,36345,0,0,0
30,0,0,0,0,1,1,0,36379,0,0,0
30,0,0,0,0,1,1,0,36406,0,0,0
30,0,0,0,0,1,1,0,36439,0,0,0
30,0,0,0,0,1,1,0,36466,0,0,0
30,0,0,0,0,1,1,0,36499,0,0,0
30,0,0,0,0,1,1,0,36526,0,0,0
30,0,0,0,0,1,1,0,36557,0,0,0
30,0,0,0,0,1,1,0,36587,0,0,0
30,0,0,0,0,1,1,0,36617,0,0,0
30,0,0,0,0,1,1,0,36650,0,0,0
30,0,0,0,0,1,1,0,36678,0,0,0
30,0,0,0,0,1,1,0,36710,0,0,0
30,0,0,0,0,1,1,0,36739,0,0,0
30,0,0,0,0,1,1,0,36771,0,0,0
30,0,0,0,0,1,1,0,36799,0,0,0
30,0,0,0,0,1,1,0,36831,0,0,0
30,0,0,0,0,1,1,0,36861,0,0,0
30,0,0,0,0,1,1,0,36892,0,0,0
30,0,0,0,0,1,1,0,36922,0,0,0
30,0,0,0,0,1,1,0,36952,0,0,0
30,0,0,0,0,1,1,0,36982,0,0,0
30,0,0,0,0,1,1,0,37012,0,0,0
30,0,0,0,0,1,1,0,37042,0,0,0
30,0,0,0,0,1,1,0,37072,0,0,0
30,0,0,0,0,1,1,0,37102,0,0,0
30,0,0,0,0,1,1,0,37132,0,0,0
30,0,0,0,0,1,1,0,37162,0,0,0
30,0,0,0,0,1,1,0,37192,0,0,0
30,0,0,0,0,1,1,0,37224,0,0,0
30,0,0,0,0,1,1,0,37253,0,0,0
30,0,0,0,0,1,1,0,37283,0,0,0
30,0,0,0,0,1,1,0,37313,0,0,0
30,0,0,0,0,1,1,0,37343,0,0,0
30,0,0,0,0,1,1,0,37374,0,0,0
30,0,0,0,0,1,1,0,37404,0,0,0
30,0,0,0,0,1,1,0,37434,0,0,0
30,0,0,0,0,1,1,0,37464,0,0,0
30,0,0,0,0,1,1,0,37493,0,0,0
30,0,0,0,0,1,1,0,37524,0,0,0
30,0,0,0,0,1,1,0,37554,0,0,0
30,0,0,0,0,1,1,0,37585,0,0,0
30,0,0,0,0,1,1,0,37615,0,0,0
30,0,0,0,0,1,1,0,37646,0,0,0
30,0,0,0,0,1,1,0,37676,0,0,0
30,0,0,0,0,1,1,0,37705,0,0,0
30,0,0,0,0,1,1,0,37736,0,0,0
30,0,0,0,0,1,1,0,37766,0,0,0
30,0,0,0,0,1,1,0,37796,0,0,0
30,0,0,0,0,1,1,0,37826,0,0,0
30,0,0,0,0,1,1,0,37857,0,0,0
30,0,0,0,0,1,1,0,37887,0,0,0
30,0,0,0,0,1,1,0,37918,0,0,0
30,0,0,0,0,1,1,0,37946,0,0,0
30,0,0,0,0,1,1,0,37976,0,0,0
30,0,0,0,0,1,1,0,38007,0,0,0
30,0,0,0,0,1,1,0,38037,0,0,0
30,0,0,0,0,1,1,0,38067,0,0,0
30,0,0,0,0,1,1,0,38097,0,0,0
30,0,0,0,0,1,1,0,38127,0,0,0
30,0,0,0,0,1,1,0,38158,0,0,0
30,0,0,0,0,1,1,0,38187,0,0,0
30,0,0,0,0,1,1,0,38219,0,0,0
30,0,0,0,0,1,1,0,38248,0,0,0
30,0,0,0,0,1,1,0,38278,0,0,0
30,0,0,0,0,1,1,0,38308,0,0,0
30,0,0,0,0,1,1,0,38338,0,0,0
30,0,0,0,0,1,1,0,38369,0,0,0
30,0,0,0,0,1,1,0,38399,0,0,0
30,0,0,0,0,1,1,0,38429,0,0,0
30,0,0,0,0,1,1,0,38459,0,0,0
30,0,0,0,0,1,1,0,38489,0,0,0
30,0,0,0,0,1,1,0,38520,0,0,0
30,0,0,0,0,1,1,0,38550,0,0,0
30,0,0,0,0,1,1,0,38580,0,0,0
30,0,0,0,0,1,1,0,38611,0,0,0
30,0,0,0,0,1,1,0,38640,0,0,0
30,0,0,0,0,1,1,0,38670,0,0,0
30,0,0,0,0,1,1,0,38700,0,0,0
30,0,0,0,0,1,1,0,38731,0,0,0
30,0,0,0,0,1,1,0,38761,0,0,0
30,0,0,0,0,1,1,0,38792,0,0,0
30,0,0,0,0,1,1,0,38822,0,0,0
30,0,0,0,0,1,1,0,38852,0,0,0
30,0,0,0,0,1,1,0,38882,0,0,0
30,0,0,0,0,1,1,0,38912,0,0,0
30,0,0,0,0,1,1,0,38943,0,0,0
30,0,0,0,0,1,1,0,38972,0,0,0
30,0,0,0,0,1,1,0,39002,0,0,0
30,0,0,0,0,1,0,0,39002,0,0,0
30,0,0,0,0,1,0,0,39062,0,0,0
30,0,0,0,0,1,0,0,39093,0,0,0
30,0,0,0,0,1,0,0,39123,0,0,0
30,0,0,0,0,1,0,0,39153,0,0,0
30,0,0,0,0,1,0,0,39183,0,0,0
30,0,0,0,0,1,0,0,39213,0,0,0
30,0,0,0,0,1,0,0,39244,0,0,0
30,0,0,0,0,1,0,0,39274,0,0,0
30,0,0,0,0,1,0,0,39304,0,0,0
30,0,0,0,0,1,0,0,39334,0,0,0
30,0,0,0,0,1,0,0,39364,0,0,0
30,0,0,0,0,1,0,0,39395,0,0,0
30,0,0,0,0,1,0,0,39424,0,0,0
30,0,0,0,0,1,0,0,39455,0,0,0
30,0,0,0,0,1,0,0,39485,0,0,0
30,0,0,0,0,1,0,0,39515,0,0,0
30,0,0,0,0,1,0,0,39546,0,0,0
30,0,0,0,0,1,0,0,39577,0,0,0
30,0,0,0,0,1,0,0,39604,0,0,0
30,0,0,0,0,1,0,0,39637,0,0,0
30,0,0,0,0,1,0,0,39662,0,0,0
30,0,0,0,0,1,0,0,39692,0,0,0
30,0,0,0,0,1,0,0,39727,0,0,0
30,0,0,0,0,1,0,0,39752,0,0,0
30,0,0,0,0,1,0,0,39781,0,0,0
30,0,0,0,0,1,0,0,39816,0,0,0
30,0,0,0,0,1,0,0,39847,0,0,0
30,0,0,0,0,1,0,0,39876,0,0,0
30,0,0,0,0,1,0,0,39907,0,0,0
30,0,0,0,0,1,0,0,39936,0,0,0
30,0,0,0,0,1,0,0,39967,0,0,0
30,0,0,0,0,1,0,0,39997,0,0,0
30,0,0,0,0,0,0,0,39997,0,0,0
30,0,0,0,0,0,0,0,40057,0,0,0
30,0,0,0,0,0,0,0,40087,0,0,0
30,0,0,0,0,0,0,0,40117,0,0,0
30,0,0,0,0,0,0,0,40148,0,0,0
30,0,0,0,0,0,0,0,40178,0,0,0
30,0,0,0,0,0,0,0,40208,0,0,0
30,0,0,0,0,0,0,0,40238,0,0,0
30,0,0,0,0,0,0,0,40269,0,0,0
30,0,0,0,0,0,0,0,40299,0,0,0
30,0,0,0,0,0,0,0,40329,0,0,0
30,0,0,0,0,0,0,0,40359,0,0,0
30,0,0,0,0,0,0,0,40389,0,0,0
30,0,0,0,0,0,0,0,40420,0,0,0
30,0,0,0,0,0,0,0,40450,0,0,0
30,0,0,0,0,0,0,0,40481,0,0,0
30,0,0,0,0,0,0,0,40511,0,0,0
30,0,0,0,0,0,0,0,40541,0,0,0
30,0,0,0,0,0,0,0,40571,0,0,0
30,0,0,0,0,0,0,0,40601,0,0,0
30,0,0,0,0,0,0,0,40631,0,0,0
30,0,0,0,0,0,0,0,40662,0,0,0
30,0,0,0,0,0,0,0,40692,0,0,0
30,0,0,0,0,0,0,0,40722,0,0,0
30,0,0,0,0,0,0,0,40752,0,0,0
30,0,0,0,0,0,0,0,40782,0,0,0
30,0,0,0,0,0,0,0,40812,0,0,0
30,0,0,0,0,0,0,0,40843,0,0,0
30,0,0,0,0,0,0,0,40873,0,0,0
30,0,0,0,0,0,0,0,40903,0,0,0
30,0,0,0,0,0,0,0,40933,0,0,0
30,0,0,0,0,0,0,0,40963,0,0,0
30,0,0,0,0,0,0,0,40994,0,0,0
30,0,0,0,0,0,0,0,41024,0,0,0
30,0,0,0,0,0,0,0,41054,0,0,0
30,0,0,0,0,0,0,0,41084,0,0,0
30,0,0,0,0,0,0,0,41114,0,0,0
30,0,0,0,0,0,0,0,41144,0,0,0
30,0,0,0,0,0,0,0,41175,0,0,0
30,0,0,0,0,0,0,0,41204,0,0,0
30,0,0,0,0,0,0,0,41233,0,0,0
30,0,0,0,0,0,0,0,41264,0,0,0
30,0,0,0,0,0,0,0,41294,0,0,0
30,0,0,0,0,0,0,0,41324,0,0,0
30,0,0,0,0,0,0,0,41354,0,0,0
30,0,0,0,0,0,0,0,41385,0,0,0
30,0,0,0,0,0,0,0,41415,0,0,0
30,0,0,0,0,0,0,0,41445,0,0,0
30,0,0,0,0,0,0,0,41475,0,0,0
30,0,0,0,0,0,0,0,41505,0,0,0
30,0,0,0,0,0,0,0,41535,0,0,0
30,0,0,0,0,0,0,0,41566,0,0,0
30,0,0,0,0,0,0,0,41596,0,0,0
30,0,0,0,0,0,0,0,41626,0,0,0
30,0,0,0,0,0,0,0,41656,0,0,0
30,0,0,0,0,0,0,0,41686,0,0,0
30,0,0,0,0,0,0,0,41716,0,0,0
30,0,0,0,0,0,0,0,41746,0,0,0
30,0,0,0,0,0,0,0,41776,0,0,0
30,0,0,0,0,0,0,0,41806,0,0,0
30,0,0,0,0,0,0,0,41837,0,0,0
30,0,0,0,0,0,0,0,41867,0,0,0
30,0,0,0,0,0,0,0,41897,0,0,0
30,0,0,0,0,0,0,0,41927,0,0,0
30,0,0,0,0,0,0,0,41959,0,0,0
30,0,0,0,0,0,0,0,41989,0,0,0
30,0,0,0,0,0,0,0,42019,0,0,0
30,0,0,0,0,0,0,0,42048,0,0,0
30,0,0,0,0,0,0,0,42078,0,0,0
30,0,0,0,0,0,0,0,42108,0,0,0
30,0,0,0,0,0,0,0,42140,0,0,0
30,0,0,0,0,0,0,0,42171,0,0,0
30,0,0,0,0,0,0,0,42199,0,0,0
30,0,0,0,0,0,0,0,42230,0,0,0
30,0,0,0,0,0,0,0,42259,0,0,0
30,0,0,0,0,0,0,0,42289,0,0,0
30,0,0,0,0,0,0,0,42320,0,0,0
30,0,0,0,0,0,0,0,42351,0,0,0
30,0,0,0,0,0,0,0,42381,0,0,0
30,0,0,0,0,0,0,0,42410,0,0,0
30,0,0,0,0,0,0,0,42442,0,0,0
30,0,0,0,0,0,0,0,42471,0,0,0
30,0,0,0,0,0,0,0,42502,0,0,0
30,0,0,0,0,0,0,0,42532,0,0,0
30,0,0,0,0,0,0,0,42561,0,0,0
30,0,0,0,0,0,0,0,42591,0,0,0
30,0,0,0,0,0,0,0,42621,0,0,0
30,0,0,0,0,0,0,0,42652,0,0,0
30,0,0,0,0,0,0,0,42682,0,0,0
30,0,0,0,0,0,0,0,42713,0,0,0
30,0,0,0,0,0,0,0,42742,0,0,0
30,0,0,0,0,0,0,0,42772,0,0,0
30,0,0,0,0,0,0,0,42802,0,0,0
30,0,0,0,0,0,0,0,42832,0,0,0
30,0,0,0,0,0,0,0,42863,0,0,0
30,0,0,0,0,0,0,0,42892,0,0,0
30,0,0,0,0,0,0,0,42922,0,0,0
30,0,0,0,0,0,0,0,42953,0,0,0
30,0,0,0,0,0,0,0,42983,0,0,0
30,0,0,0,0,0,0,0,43014,0,0,0
30,0,0,0,0,0,0,0,43043,0,0,0
30,0,0,0,0,0,0,0,43073,0,0,0
30,0,0,0,0,0,0,0,43103,0,0,0
30,0,0,0,0,0,0,0,43134,0,0,0
30,0,0,0,0,0,0,0,43163,0,0,0
30,0,0,0,0,0,0,0,43195,0,0,0
30,0,0,0,0,0,0,0,43225,0,0,0
30,0,0,0,0,0,0,0,43256,0,0,0
30,0,0,0,0,0,0,0,43286,0,0,0
30,0,0,0,0,0,0,0,43316,0,0,0
30,0,0,0,0,0,0,0,43346,0,0,0
30,0,0,0,0,0,0,0,43376,0,0,0
30,0,0,0,0,0,0,0,43407,0,0,0
30,0,0,0,0,0,0,0,43436,0,0,0
30,0,0,0,0,0,0,0,43465,0,0,0
30,0,0,0,0,0,0,0,43496,0,0,0
30,0,0,0,0,0,0,0,43526,0,0,0
30,0,0,0,0,0,0,0,43556,0,0,0
30,0,0,0,0,0,0,0,43586,0,0,0
30,0,0,0,0,0,0,0,43617,0,0,0
30,0,0,0,0,0,0,0,43646,0,0,0
30,0,0,0,0,0,0,0,43678,0,0,0
30,0,0,0,0,0,0,0,43707,0,0,0
30,0,0,0,0,0,0,0,43737,0,0,0
30,0,0,0,0,0,0,0,43768,0,0,0
30,0,0,0,0,0,0,0,43797,0,0,0
30,0,0,0,0,0,0,0,43827,0,0,0
30,0,0,0,0,0,0,0,43859,0,0,0
30,0,0,0,0,0,0,0,43888,0,0,0
30,0,0,0,0,0,0,0,43919,0,0,0
30,0,0,0,0,0,0,0,43948,0,0,0
30,0,0,0,0,0,0,0,43979,0,0,0
30,0,0,0,0,0,0,0,44009,0,0,0
30,0,0,0,0,0,0,0,44040,0,0,0
30,0,0,0,0,0,0,0,44070,0,0,0
30,0,0,0,0,0,0,0,44100,0,0,0
30,0,0,0,0,0,0,0,44130,0,0,0
30,0,0,0,0,0,0,0,44160,0,0,0
30,0,0,0,0,0,0,0,44191,0,0,0
30,0,0,0,0,0,0,0,44221,0,0,0
30,0,0,0,0,0,0,0,44250,0,0,0
30,0,0,0,0,0,0,0,44280,0,0,0
30,0,0,0,0,0,0,0,44310,0,0,0
30,0,0,0,0,0,0,0,44340,0,0,0
30,0,0,0,0,0,0,0,44370,0,0,0
30,0,0,0,0,0,0,0,44400,0,0,0
30,0,0,0,0,0,0,0,44431,0,0,0
30,0,0,0,0,0,0,0,44462,0,0,0
30,0,0,0,0,0,0,0,44492,0,0,0
30,0,0,0,0,0,0,0,44521,0,0,0
30,0,0,0,0,0,0,0,44552,0,0,0
30,0,0,0,0,0,0,0,44582,0,0,0
30,0,0,0,0,0,0,0,44612,0,0,0
30,0,0,0,0,0,0,0,44643,0,0,0
30,0,0,0,0,0,0,0,44672,0,0,0
30,0,0,0,0,0,0,0,44702,0,0,0
30,0,0,0,0,0,0,0,44737,0,0,0
30,0,0,0,0,0,0,0,44762,0,0,0
30,0,0,0,0,0,0,0,44792,0,0,0
30,0,0,0,0,0,0,0,44822,0,0,0
30,0,0,0,0,0,0,0,44853,0,0,0
30,0,0,0,0,0,0,0,44884,0,0,0
30,0,0,0,0,0,0,0,44914,0,0,0
30,0,0,0,0,0,0,0,44944,0,0,0
30,0,0,0,0,0,0,0,44975,0,0,0
30,0,0,0,0,0,0,0,45005,0,0,0
30,0,0,0,0,0,0,0,45034,0,0,0
30,0,0,0,0,0,0,0,45064,0,0,0
30,0,0,0,0,0,0,0,45095,0,0,0
30,0,0,0,0,0,0,0,45125,0,0,0
30,0,0,0,0,0,0,0,45155,0,0,0
30,0,0,0,0,0,0,0,45186,0,0,0
30,0,0,0,0,0,0,0,45216,0,0,0
30,0,0,0,0,0,0,0,45248,0,0,0
30,0,0,0,0,0,0,0,45276,0,0,0
30,0,0,0,0,0,0,0,45306,0,0,0
30,0,0,0,0,0,0,0,45336,0,0,0
30,0,0,0,0,0,0,0,45367,0,0,0
30,0,0,0,0,0,0,0,45397,0,0,0
30,0,0,0,0,0,0,0,45427,0,0,0
30,0,0,0,0,0,0,0,45457,0,0,0
30,0,0,0,0,0,0,0,45487,0,0,0
30,0,0,0,0,0,0,0,45517,0,0,0
30,0,0,0,0,0,0,0,45547,0,0,0
30,0,0,0,0,0,0,0,45578,0,0,0
30,0,0,0,0,0,0,0,45608,0,0,0
30,0,0,0,0,0,0,0,45638,0,0,0
30,0,0,0,0,0,0,0,45668,0,0,0
30,0,0,0,0,0,0,0,45697,0,0,0
30,0,0,0,0,0,0,0,45728,0,0,0
30,0,0,0,0,0,0,0,45757,0,0,0
30,0,0,0,0,0,0,0,45787,0,0,0
30,0,0,0,0,0,0,0,45820,0,0,0
30,0,0,0,0,0,0,0,45850,0,0,0
30,0,0,0,0,0,0,0,45880,0,0,0
30,0,0,0,0,0,0,0,45909,0,0,0
30,0,0,0,0,0,0,0,45941,0,0,0
30,0,0,0,0,0,0,0,45970,0,0,0
30,0,0,0,0,0,0,0,46001,0,0,0
30,0,0,0,0,0,0,0,46031,0,0,0
30,0,0,0,0,0,0,0,46053,0,0,0
30,0,0,0,0,0,0,0,46090,0,0,0
30,0,0,0,0,0,0,0,46115,0,0,0
30,0,0,0,0,0,0,0,46152,0,0,0
30,0,0,0,0,0,0,0,46182,0,0,0
30,0,0,0,0,0,0,0,46212,0,0,0
30,0,0,0,0,0,0,0,46242,0,0,0
30,0,0,0,0,0,0,0,46272,0,0,0
30,0,0,0,0,0,0,0,46302,0,0,0
30,0,0,0,0,0,0,0,46332,0,0,0
30,0,0,0,0,0,0,0,46362,0,0,0
30,0,0,0,0,0,0,0,46392,0,0,0
30,0,0,0,0,0,0,0,46424,0,0,0
30,0,0,0,0,0,0,0,46452,0,0,0
30,0,0,0,0,0,0,0,46483,0,0,0
30,0,0,0,0,0,0,0,46512,0,0,0
30,0,0,0,0,0,0,0,46542,0,0,0
30,0,0,0,0,0,0,0,46572,0,0,0
30,0,0,0,0,0,0,0,46602,0,0,0
30,0,0,0,0,0,0,0,46634,0,0,0
30,0,0,0,0,0,0,0,46664,0,0,0
30,0,0,0,0,0,0,0,46695,0,0,0
30,0,0,0,0,0,0,0,46725,0,0,0
30,0,0,0,0,0,0,0,46752,0,0,0
30,0,0,0,0,0,0,0,46782,0,0,0
30,0,0,0,0,0,0,0,46815,0,0,0
30,0,0,0,0,0,0,0,46843,0,0,0
30,0,0,0,0,0,0,0,46874,0,0,0
30,0,0,0,0,0,0,0,46906,0,0,0
30,0,0,0,0,0,0,0,46935,0,0,0
30,0,0,0,0,0,0,0,46966,0,0,0
30,0,0,0,0,0,0,0,46996,0,0,0
30,0,0,0,0,0,0,0,47024,0,0,0
30,0,0,0,0,0,0,0,47055,0,0,0
30,0,0,0,0,0,0,0,47086,0,0,0
30,0,0,0,0,0,0,0,47116,0,0,0
30,0,0,0,0,0,0,0,47147,0,0,0
30,0,0,0,0,0,0,0,47176,0,0,0
30,0,0,0,0,0,0,0,47207,0,0,0
30,0,0,0,0,0,0,0,47237,0,0,0
30,0,0,0,0,0,0,0,47268,0,0,0
30,0,0,0,0,0,0,0,47297,0,0,0
30,0,0,0,0,0,0,0,47328,0,0,0
30,0,0,0,0,0,0,0,47358,0,0,0
30,0,0,0,0,0,0,0,47388,0,0,0
30,0,0,0,0,0,0,0,47418,0,0,0
30,0,0,0,0,0,0,0,47442,0,0,0
30,0,0,0,0,0,0,0,47478,0,0,0
30,0,0,0,0,0,0,0,47508,0,0,0
30,0,0,0,0,0,0,0,47537,0,0,0
30,0,0,0,0,0,0,0,47569,0,0,0
30,0,0,0,0,0,0,0,47593,0,0,0
30,0,0,0,0,0,0,0,47629,0,0,0
30,0,0,0,0,0,0,0,47655,0,0,0
30,0,0,0,0,0,0,0,47690,0,0,0
30,0,0,0,0,0,0,0,47716,0,0,0
30,0,0,0,0,0,0,0,47750,0,0,0
30,0,0,0,0,0,0,0,47782,0,0,0
30,0,0,0,0,0,0,0,47807,0,0,0
30,0,0,0,0,0,0,0,47838,0,0,0
30,0,0,0,0,0,0,0,47868,0,0,0
30,0,0,0,0,0,0,0,47898,0,0,0
30,0,0,0,0,0,0,0,47930,0,0,0
30,0,0,0,0,0,0,0,47959,0,0,0
30,0,0,0,0,0,0,0,47992,0,0,0
30,0,0,0,0,0,0,0,48022,0,0,0
30,0,0,0,0,0,0,0,48052,0,0,0
30,0,0,0,0,0,0,0,48082,0,0,0
30,0,0,0,0,0,0,0,48112,0,0,0
30,0,0,0,0,0,0,0,48142,0,0,0
30,0,0,0,0,0,0,0,48172,0,0,0
30,0,0,0,0,0,0,0,48202,0,0,0
30,0,0,0,0,0,0,0,48233,0,0,0
30,0,0,0,0,0,0,0,48262,0,0,0
30,0,0,0,0,0,0,0,48292,0,0,0
30,0,0,0,0,0,0,0,48322,0,0,0
30,0,0,0,0,0,0,0,48353,0,0,0
30,0,0,0,0,0,0,0,48384,0,0,0
30,0,0,0,0,0,0,0,48414,0,0,0
30,0,0,0,0,0,0,0,48444,0,0,0
30,0,0,0,0,0,0,0,48473,0,0,0
30,0,0,0,0,0,0,0,48503,0,0,0
30,0,0,0,0,0,0,0,48534,0,0,0
30,0,0,0,0,0,0,0,48564,0,0,0
30,0,0,0,0,0,0,0,48594,0,0,0
30,0,0,0,0,0,0,0,48625,0,0,0
30,0,0,0,0,0,0,0,48654,0,0,0
30,0,0,0,0,0,0,0,48685,0,0,0
30,0,0,0,0,0,0,0,48715,0,0,0
30,0,0,0,0,0,0,0,48745,0,0,0
30,0,0,0,0,0,0,0,48775,0,0,0
30,0,0,0,0,0,0,0,48806,0,0,0
30,0,0,0,0,0,0,0,48836,0,0,0
30,0,0,0,0,0,0,0,48862,0,0,0
30,0,0,0,0,0,0,0,48892,0,0,0
30,0,0,0,0,0,0,0,48926,0,0,0
30,0,0,0,0,0,0,0,48956,0,0,0
30,0,0,0,0,0,0,0,48987,0,0,0
30,0,0,0,0,0,0,0,49017,0,0,0
30,0,0,0,0,0,0,0,49047,0,0,0
30,0,0,0,0,0,0,0,49072,0,0,0
30,0,0,0,0,0,0,0,49107,0,0,0
30,0,0,0,0,0,0,0,49138,0,0,0
30,0,0,0,0,0,0,0,49168,0,0,0
30,0,0,0,0,0,0,0,49197,0,0,0
30,0,0,0,0,0,0,0,49222,0,0,0
30,0,0,0,0,0,0,0,49253,0,0,0
30,0,0,0,0,0,0,0,49284,0,0,0
30,0,0,0,0,0,0,0,49318,0,0,0
30,0,0,0,0,0,0,0,49344,0,0,0
30,0,0,0,0,0,0,0,49375,0,0,0
30,0,0,0,0,0,0,0,49409,0,0,0
30,0,0,0,0,0,0,0,49438,0,0,0
30,0,0,0,0,0,0,0,49469,0,0,0
30,0,0,0,0,0,0,0,49499,0,0,0
30,0,0,0,0,0,0,0,49525,0,0,0
30,0,0,0,0,0,0,0,49556,0,0,0
30,0,0,0,0,0,0,0,49589,0,0,0
30,0,0,0,0,0,0,0,49617,0,0,0
30,0,0,0,0,0,0,0,49650,0,0,0
30,0,0,0,0,0,0,0,49677,0,0,0
30,0,0,0,0,0,0,0,49710,0,0,0
30,0,0,0,0,0,0,0,49738,0,0,0
30,0,0,0,0,0,0,0,49771,0,0,0
30,0,0,0,0,0,0,0,49797,0,0,0
30,0,0,0,0,0,0,0,49832,0,0,0
30,0,0,0,0,0,0,0,49857,0,0,0
30,0,0,0,0,0,0,0,49889,0,0,0
30,0,0,0,0,0,0,0,49922,0,0,0
30,0,0,0,0,0,0,0,49952,0,0,0
30,0,0,0,0,0,0,0,49984,0,0,0
30,0,0,0,0,0,0,0,50012,0,0,0
30,0,0,0,0,0,0,0,50042,0,0,0
30,0,0,0,0,0,0,0,50072,0,0,0
30,0,0,0,0,0,0,0,50103,0,0,0
30,0,0,0,0,0,0,0,50132,0,0,0
30,0,0,0,0,0,0,0,50163,0,0,0
30,0,0,0,0,0,0,0,50193,0,0,0
30,0,0,0,0,0,0,0,50224,0,0,0
30,0,0,0,0,0,0,0,50252,0,0,0
30,0,0,0,0,0,0,0,50283,0,0,0
30,0,0,0,0,0,0,0,50313,0,0,0
30,0,0,0,0,0,0,0,50343,0,0,0
30,0,0,0,0,0,0,0,50375,0,0,0
30,0,0,0,0,0,0,0,50405,0,0,0
30,0,0,0,0,0,0,0,50434,0,0,0
30,0,0,0,0,0,0,0,50465,0,0,0
30,0,0,0,0,0,0,0,50495,0,0,0
30,0,0,0,0,0,0,0,50522,0,0,0
30,0,0,0,0,0,0,0,50552,0,0,0
30,0,0,0,0,0,0,0,50582,0,0,0
30,0,0,0,0,0,0,0,50612,0,0,0
30,0,0,0,0,0,0,0,50645,0,0,0
30,0,0,0,0,0,0,0,50672,0,0,0
30,0,0,0,0,0,0,0,50706,0,0,0
30,0,0,0,0,0,0,0,50736,0,0,0
30,0,0,0,0,0,0,0,50766,0,0,0
30,0,0,0,0,0,0,0,50797,0,0,0
30,0,0,0,0,0,0,0,50822,0,0,0
30,0,0,0,0,0,0,0,50853,0,0,0
30,0,0,0,0,0,0,0,50883,0,0,0
30,0,0,0,0,0,0,0,50914,0,0,0
30,0,0,0,0,0,0,0,50944,0,0,0
30,0,0,0,0,0,0,0,50977,0,0,0
30,0,0,0,0,0,0,0,51005,0,0,0
30,0,0,0,0,0,0,0,51037,0,0,0
30,0,0,0,0,0,0,0,51065,0,0,0
30,0,0,0,0,0,0,0,51098,0,0,0
30,0,0,0,0,0,0,0,51126,0,0,0
30,0,0,0,0,0,0,0,51161,0,0,0
30,0,0,0,0,0,0,0,51189,0,0,0
30,0,0,0,0,0,0,0,51217,0,0,0
30,0,0,0,0,0,0,0,51250,0,0,0
30,0,0,0,0,0,0,0,51278,0,0,0
30,0,0,0,0,0,0,0,51308,0,0,0
30,0,0,0,0,0,0,0,51339,0,0,0
30,0,0,0,0,0,0,0,51369,0,0,0
30,0,0,0,0,0,0,0,51399,0,0,0
30,0,0,0,0,0,0,0,51430,0,0,0
30,0,0,0,0,0,0,0,51460,0,0,0
30,0,0,0,0,0,0,0,51490,0,0,0
30,0,0,0,0,0,0,0,51519,0,0,0
30,0,0,0,0,0,0,0,51550,0,0,0
30,0,0,0,0,0,0,0,51580,0,0,0
30,0,0,0,0,0,0,0,51610,0,0,0
30,0,0,0,0,0,0,0,51641,0,0,0
30,0,0,0,0,0,0,0,51671,0,0,0
30,0,0,0,0,0,0,0,51701,0,0,0
30,0,0,0,0,0,0,0,51732,0,0,0
30,0,0,0,0,0,0,0,51761,0,0,0
30,0,0,0,0,0,0,0,51792,0,0,0
30,0,0,0,0,0,0,0,51822,0,0,0
30,0,0,0,0,0,0,0,51851,0,0,0
30,0,0,0,0,0,0,0,51882,0,0,0
30,0,0,0,0,0,0,0,51912,0,0,0
30,0,0,0,0,0,0,0,51943,0,0,0
30,0,0,0,0,0,0,0,51974,0,0,0
30,0,0,0,0,0,0,0,52003,0,0,0
30,0,0,0,0,0,0,0,52032,0,0,0
30,0,0,0,0,0,0,0,52062,0,0,0
30,0,0,0,0,0,0,0,52092,0,0,0
30,0,0,0,0,0,0,0,52122,0,0,0
30,0,0,0,0,0,0,0,52153,0,0,0
30,0,0,0,0,0,0,0,52182,0,0,0
30,0,0,0,0,0,0,0,52215,0,0,0
30,0,0,0,0,0,0,0,52241,0,0,0
30,0,0,0,0,0,0,0,52272,0,0,0
30,0,0,0,0,0,0,0,52302,0,0,0
30,0,0,0,0,0,0,0,52332,0,0,0
30,0,0,0,0,0,0,0,52364,0,0,0
30,0,0,0,0,0,0,0,52395,0,0,0
30,0,0,0,0,0,0,0,52425,0,0,0
30,0,0,0,0,0,0,0,52455,0,0,0
30,0,0,0,0,0,0,0,52483,0,0,0
30,0,0,0,0,0,0,0,52516,0,0,0
30,0,0,0,0,0,0,0,52543,0,0,0
30,0,0,0,0,0,0,0,52576,0,0,0
30,0,0,0,0,0,0,0,52604,0,0,0
30,0,0,0,0,0,0,0,52634,0,0,0
30,0,0,0,0,0,0,0,52666,0,0,0
30,0,0,0,0,0,0,0,52696,0,0,0
30,0,0,0,0,0,0,0,52726,0,0,0
30,0,0,0,0,0,0,0,52757,0,0,0
30,0,0,0,0,0,0,0,52785,0,0,0
30,0,0,0,0,0,0,0,52816,0,0,0
30,0,0,0,0,0,0,0,52847,0,0,0
30,0,0,0,0,0,0,0,52876,0,0,0
30,0,0,0,0,0,0,0,52907,0,0,0
30,0,0,0,0,0,0,0,52937,0,0,0
30,0,0,0,0,0,0,0,52968,0,0,0
30,0,0,0,0,0,0,0,52998,0,0,0
30,0,0,0,0,0,0,0,53027,0,0,0
30,0,0,0,0,0,0,0,53057,0,0,0
30,0,0,0,0,0,0,0,53089,0,0,0
30,0,0,0,0,0,0,0,53119,0,0,0
30,0,0,0,0,0,0,0,53149,0,0,0
30,0,0,0,0,0,0,0,53179,0,0,0
30,0,0,0,0,0,0,0,53204,0,0,0
30,0,0,0,0,0,0,0,53234,0,0,0
30,0,0,0,0,0,0,0,53265,0,0,0
30,0,0,0,0,0,0,0,53295,0,0,0
30,0,0,0,0,0,0,0,53326,0,0,0
30,0,0,0,0,0,0,0,53360,0,0,0
30,0,0,0,0,0,0,0,53386,0,0,0
30,0,0,0,0,0,0,0,53420,0,0,0
30,0,0,0,0,0,0,0,53447,0,0,0
30,0,0,0,0,0,0,0,53480,0,0,0
30,0,0,0,0,0,0,0,53507,0,0,0
30,0,0,0,0,0,0,0,53538,0,0,0
30,0,0,0,0,0,0,0,53568,0,0,0
30,0,0,0,0,0,0,0,53599,0,0,0
30,0,0,0,0,0,0,0,53631,0,0,0
30,0,0,0,0,0,0,0,53662,0,0,0
30,0,0,0,0,0,0,0,53692,0,0,0
30,0,0,0,0,0,0,0,53722,0,0,0
30,0,0,0,0,0,0,0,53752,0,0,0
30,0,0,0,0,0,0,0,53782,0,0,0
30,0,0,0,0,0,0,0,53812,0,0,0
30,0,0,0,0,0,0,0,53842,0,0,0
30,0,0,0,0,0,0,0,53873,0,0,0
30,0,0,0,0,0,0,0,53903,0,0,0
30,0,0,0,0,0,0,0,53933,0,0,0
30,0,0,0,0,0,0,0,53963,0,0,0
30,0,0,0,0,0,0,0,53993,0,0,0
30,0,0,0,0,0,0,0,54024,0,0,0
30,0,0,0,0,0,0,0,54054,0,0,0
30,0,0,0,0,0,0,0,54084,0,0,0
30,0,0,0,0,0,0,0,54114,0,0,0
30,0,0,0,0,0,0,0,54144,0,0,0
30,0,0,0,0,0,0,0,54174,0,0,0
30,0,0,0,0,0,0,0,54205,0,0,0
30,0,0,0,0,0,0,0,54235,0,0,0
30,0,0,0,0,0,0,0,54262,0,0,0
30,0,0,0,0,0,0,0,54292,0,0,0
30,0,0,0,0,0,0,0,54322,0,0,0
30,0,0,0,0,0,0,0,54352,0,0,0
30,0,0,0,0,0,0,0,54385,0,0,0
30,0,0,0,0,0,0,0,54416,0,0,0
30,0,0,0,0,0,0,0,54446,0,0,0
30,0,0,0,0,0,0,0,54476,0,0,0
30,0,0,0,0,0,0,0,54502,0,0,0
30,0,0,0,0,0,0,0,54532,0,0,0
30,0,0,0,0,0,0,0,54566,0,0,0
30,0,0,0,0,0,0,0,54597,0,0,0
30,0,0,0,0,0,0,0,54625,0,0,0
30,0,0,0,0,0,0,0,54657,0,0,0
30,0,0,0,0,0,0,0,54687,0,0,0
30,0,0,0,0,0,0,0,54713,0,0,0
30,0,0,0,0,0,0,0,54744,0,0,0
30,0,0,0,0,0,0,0,54774,0,0,0
30,0,0,0,0,0,0,0,54805,0,0,0
30,0,0,0,0,0,0,0,54837,0,0,0
30,0,0,0,0,0,0,0,54864,0,0,0
30,0,0,0,0,0,0,0,54898,0,0,0
30,0,0,0,0,0,0,0,54926,0,0,0
30,0,0,0,0,0,0,0,54958,0,0,0
30,0,0,0,0,0,0,0,54987,0,0,0
30,0,0,0,0,0,0,0,55019,0,0,0
30,0,0,0,0,0,0,0,55048,0,0,0
30,0,0,0,0,0,0,0,55078,0,0,0
30,0,0,0,0,0,0,0,55109,0,0,0
30,0,0,0,0,0,0,0,55139,0,0,0
30,0,0,0,0,0,0,0,55170,0,0,0
30,0,0,0,0,0,0,0,55200,0,0,0
30,0,0,0,0,0,0,0,55230,0,0,0
30,0,0,0,0,0,0,0,55260,0,0,0
30,0,0,0,0,0,0,0,55291,0,0,0
30,0,0,0,0,0,0,0,55321,0,0,0
30,0,0,0,0,0,0,0,55351,0,0,0
30,0,0,0,0,0,0,0,55382,0,0,0
30,0,0,0,0,0,0,0,55411,0,0,0
30,0,0,0,0,0,0,0,55442,0,0,0
30,0,0,0,0,0,0,0,55472,0,0,0
30,0,0,0,0,0,0,0,55503,0,0,0
30,0,0,0,0,0,0,0,55532,0,0,0
30,0,0,0,0,0,0,0,55562,0,0,0
30,0,0,0,0,0,0,0,55592,0,0,0
30,0,0,0,0,0,0,0,55622,0,0,0
30,0,0,0,0,0,0,0,55652,0,0,0
30,0,0,0,0,0,0,0,55682,0,0,0
30,0,0,0,0,0,0,0,55712,0,0,0
30,0,0,0,0,0,0,0,55742,0,0,0
30,0,0,0,0,0,0,0,55772,0,0,0
30,0,0,0,0,0,0,0,55802,0,0,0
30,0,0,0,0,0,0,0,55832,0,0,0
30,0,0,0,0,0,0,0,55864,0,0,0
30,0,0,0,0,0,0,0,55893,0,0,0
30,0,0,0,0,0,0,0,55924,0,0,0
30,0,0,0,0,0,0,0,55953,0,0,0
30,0,0,0,0,0,0,0,55984,0,0,0
30,0,0,0,0,0,0,0,56014,0,0,0
30,0,0,0,0,0,0,0,56042,0,0,0
30,0,0,0,0,0,0,0,56072,0,0,0
30,0,0,0,0,0,0,0,56102,0,0,0
30,0,0,0,0,0,0,0,56132,0,0,0
30,0,0,0,0,0,0,0,56162,0,0,0
30,0,0,0,0,0,0,0,56192,0,0,0
30,0,0,0,0,0,0,0,56222,0,0,0
30,0,0,0,0,0,0,0,56256,0,0,0
30,0,0,0,0,0,0,0,56283,0,0,0
30,0,0,0,0,0,0,0,56314,0,0,0
30,0,0,0,0,0,0,0,56346,0,0,0
30,0,0,0,0,0,0,0,56375,0,0,0
30,0,0,0,0,0,0,0,56407,0,0,0
30,0,0,0,0,0,0,0,56436,0,0,0
30,0,0,0,0,0,0,0,56465,0,0,0
30,0,0,0,0,0,0,0,56496,0,0,0
30,0,0,0,0,0,0,0,56526,0,0,0
30,0,0,0,0,0,0,0,56557,0,0,0
30,0,0,0,0,0,0,0,56587,0,0,0
30,0,0,0,0,0,0,0,56617,0,0,0
30,0,0,0,0,0,0,0,56647,0,0,0
30,0,0,0,0,0,0,0,56678,0,0,0
30,0,0,0,0,0,0,0,56708,0,0,0
30,0,0,0,0,0,0,0,56732,0,0,0
30,0,0,0,0,0,0,0,56769,0,0,0
30,0,0,0,0,0,0,0,56797,0,0,0
30,0,0,0,0,0,0,0,56829,0,0,0
30,0,0,0,0,0,0,0,56853,0,0,0
30,0,0,0,0,0,0,0,56889,0,0,0
30,0,0,0,0,0,0,0,56919,0,0,0
30,0,0,0,0,0,0,0,56949,0,0,0
30,0,0,0,0,0,0,0,56980,0,0,0
30,0,0,0,0,0,0,0,57010,0,0,0
30,0,0,0,0,0,0,0,57035,0,0,0
30,0,0,0,0,0,0,0,57072,0,0,0
30,0,0,0,0,0,0,0,57096,0,0,0
30,0,0,0,0,0,0,0,57130,0,0,0
