20,0,0,0,0,0,0,0,22163,16593,0,0
40,0,0,0,0,0,0,0,23139,17595,0,0
60,0,0,0,0,0,0,0,25026,18770,0,0
60,0,0,0,0,0,0,0,25127,18770,0,0
60,0,0,0,0,0,0,0,25245,18770,0,0
60,0,0,0,0,0,0,0,25347,18770,0,0
60,0,0,0,0,0,0,0,25453,18770,0,0
60,0,0,0,0,0,0,0,25569,18770,0,0
60,0,0,0,0,0,0,0,25691,18770,0,0
60,0,0,0,0,0,0,0,25804,18770,0,0
60,0,0,0,0,0,0,0,25905,18770,0,0
60,0,0,0,0,0,0,0,26007,18770,0,0
60,0,0,0,0,0,0,0,26122,18770,0,0
60,0,0,0,0,0,0,0,26239,18770,0,0
60,0,0,0,0,0,0,0,26356,18770,0,0
60,0,0,0,0,0,0,0,26471,18770,0,0
60,0,0,0,0,0,0,0,26587,18770,0,0
60,0,0,0,0,0,0,0,26689,18770,0,0
60,0,0,0,0,0,0,0,26969,1810,0,0
