0,09971
0,0,0,0,200,0,0,30,59820,33880,0,09988
0,0,0,0,200,0,0,30,59820,34080,0,010005
0,0,0,0,200,0,00,0,0,1,200,0,0,0,0,1603,0,013203
0,0,0,0,200,0,0,0,0,1605,0,013236
0,0,0,0,200,0,0,0,0,1805,0,013401
0,0,0,0,200,0,0,0,0,2006,0,013607
0,0,0,0,200,0,0,0,0,2206,0,013809
0,0,0,0,200,0,0,0,0,2406,0,014009
0,0,0,0,200,0,0,0,0,2606,0,014192
0,0,0,0,200,0,0,0,0,2806,0,014393
0,0,0,0,200,0,0,0,0,3006,0,014596
0,0,0,0,200,0,0,0,0,3206,0,014804
0,0,0,0,200,0,0,0,0,3406,0,015003
0,0,0,0,200,0,0,0,0,3606,0,015203
0,0,0,0,200,0,0,0,0,3806,0,015404
0,0,0,0,200,0,0,0,0,4006,0,015603
0,0,0,0,200,0,0,0,0,4206,0,015803
0,0,0,0,200,0,0,0,0,4406,0,016002
0,0,0,0,200,0,0,0,0,4606,0,016207
0,0,0,0,200,0,0,0,0,4806,0,016407
0,0,0,0,200,0,0,0,0,5006,0,016607
0,0,0,0,200,0,0,0,0,5206,0,016807
0,0,0,0,200,0,0,0,0,5406,0,017008
0,0,0,0,200,0,0,0,0,5606,0,017210
0,0,0,0,200,0,0,0,0,5806,0,017411
0,0,0,0,200,0,0,0,0,6006,0,017608
0,0,0,0,200,0,0,20,17529,6011,0,017642
0,0,0,0,200,0,0,20,17568,6047,0,017675
0,0,0,0,200,0,0,20,17568,6247,0,017859
0,0,0,0,200,0,0,20,17568,6447,0,018058
0,0,0,0,200,0,0,40,18157,6639,0,018253
0,0,0,0,200,0,0,40,18194,6675,0,018289
0,0,0,0,200,0,0,40,18194,6875,0,018471
0,0,0,0,200,0,0,40,18194,7075,0,018682
0,0,0,0,200,0,0,40,18194,7275,0,018895
0,0,0,0,200,0,0,60,18954,7436,0,019048
0,0,0,0,200,0,0,60,18991,7471,0,019081
0,0,0,0,200,0,0,60,18991,7671,0,019272
0,0,0,0,200,0,0,60,18991,7871,0,019480
0,0,0,0,200,0,0,60,18991,8071,0,019681
0,0,0,0,200,0,0,60,18991,8271,0,019873
0,0,0,0,200,0,0,60,18991,8471,0,020073
0,0,0,0,200,0,0,60,18991,8671,0,020274
0,0,0,0,200,0,0,60,18991,8871,0,020473
0,0,0,0,200,0,0,60,18991,9071,0,020694
0,0,0,0,200,0,0,60,18991,9271,0,020870
0,0,0,0,200,0,0,60,18991,9472,0,021071
0,0,0,0,200,0,0,60,18991,9672,0,021275
0,0,0,0,200,0,0,60,18991,9872,0,021475
0,0,0,0,200,0,0,60,18991,10072,0,021676
0,0,0,0,200,0,0,60,18991,10272,0,021877
0,0,0,0,200,0,0,60,18991,10472,0,022076
0,0,0,0,200,0,0,60,18991,10672,0,022279
0,0,0,0,200,0,0,60,18991,10872,0,022478
0,0,0,0,200,0,0,60,18991,11072,0,022679
0,0,0,0,200,0,0,60,18991,11272,0,022881
0,0,0,0,200,0,0,60,18991,11472,0,023087
0,0,0,0,200,0,0,60,18991,11672,0,023275
0,0,0,0,200,0,0,60,18991,11872,0,023476
0,0,0,0,200,0,0,60,18991,12072,0,023677
0,0,0,0,200,1,0,50,23760,12236,0,023840
0,0,0,0,200,1,0,50,23791,12269,0,023891
0,0,0,0,200,1,0,50,23791,12469,0,024074
0,0,0,0,200,1,0,50,23791,12669,0,024277
0,0,0,0,200,1,0,50,23791,12869,0,024478
0,0,0,0,200,1,0,50,23791,13069,0,024676
0,0,0,0,200,1,1,50,23791,13233,0,024871
0,0,0,0,200,1,1,50,24799,13272,0,024890
0,0,0,0,200,1,1,50,24830,13306,0,024927
0,0,0,0,200,1,1,50,24830,13506,0,025110
0,0,0,0,200,1,1,50,24830,13706,0,025323
0,0,0,0,200,1,1,50,24830,13906,0,025521
0,0,0,0,200,1,1,50,24830,14106,0,025723
0,0,0,0,200,1,1,50,24830,14306,0,025923
0,0,0,0,200,1,1,50,24830,14507,0,026123
0,0,0,0,200,1,1,50,24830,14707,0,026324
0,0,0,0,200,1,1,50,24830,14907,0,026530
0,0,0,0,200,1,1,50,24830,15107,0,026722
0,0,0,0,200,1,1,50,24830,15307,0,026922
0,0,0,0,200,1,1,50,24830,15507,0,027128
0,0,0,0,200,1,1,50,24830,15707,0,027328
0,0,0,0,200,1,1,50,24830,15907,0,027529
0,0,0,0,200,1,1,50,24830,16107,0,027729
0,0,0,0,200,1,0,50,24830,16233,0,027876
0,0,0,0,200,1,0,50,27803,16272,0,027894
0,0,0,0,200,1,0,50,27834,16307,0,027928
0,0,0,0,200,1,0,50,27834,16507,0,028127
0,0,0,0,200,1,0,50,27834,16707,0,028331
0,0,0,0,200,1,0,50,27834,16907,0,028521
0,0,0,0,200,1,0,50,27834,17107,0,028727
0,0,0,0,200,0,0,50,27834,17228,0,028871
0,0,0,0,200,0,0,50,28799,17268,0,028890
0,0,0,0,200,0,0,50,28830,17302,0,028923
0,0,0,0,200,0,0,50,28830,17502,0,029119
0,0,0,0,200,0,0,50,28830,17702,0,029320
0,0,0,0,200,0,0,50,28830,17902,0,029521
0,0,0,0,200,0,0,50,28830,18102,0,029725
0,0,0,0,200,0,0,50,28830,18302,0,029916
0,0,0,0,200,0,0,50,28830,18502,0,030120
0,0,0,0,200,0,0,50,28830,18702,0,030321
0,0,0,0,200,0,0,50,28830,18902,0,030521
0,0,0,0,200,0,0,50,28830,19102,0,030720
0,0,0,0,200,0,0,50,28830,19302,0,030920
0,0,0,0,200,0,0,50,28830,19502,0,031113
0,0,0,0,200,0,0,50,28830,19702,0,031324
0,0,0,0,200,0,0,50,28830,19902,0,031554
0,0,0,0,200,1,0,40,31473,19941,0,031571
0,0,0,0,200,1,0,40,31504,19974,0,031588
0,0,0,0,200,1,0,40,31504,20174,0,031789
0,0,0,0,200,1,0,40,31504,20374,0,031997
0,0,0,0,200,1,0,40,31504,20574,0,032196
0,0,0,0,200,1,0,40,31504,20774,0,032407
0,0,0,0,200,1,1,40,31504,20945,0,032592
0,0,0,0,200,1,1,40,32518,20983,0,032610
0,0,0,0,200,1,1,40,32549,21018,0,032645
0,0,0,0,200,1,1,40,32549,21218,0,032833
0,0,0,0,200,1,1,40,32549,21419,0,033033
0,0,0,0,200,1,1,40,32549,21619,0,033246
0,0,0,0,200,1,1,40,32549,21819,0,033447
0,0,0,0,200,1,1,40,32549,22019,0,033644
0,0,0,0,200,1,1,40,32549,22219,0,033844
0,0,0,0,200,1,1,40,32549,22419,0,034043
0,0,0,0,200,1,1,40,32549,22619,0,034244
0,0,0,0,200,1,1,40,32549,22819,0,034446
0,0,0,0,200,1,1,40,32549,23019,0,034652
0,0,0,0,200,1,1,40,32549,23219,0,034839
0,0,0,0,200,1,1,40,32549,23419,0,035038
0,0,0,0,200,1,1,40,32549,23619,0,035237
0,0,0,0,200,1,1,40,32549,23819,0,035440
0,0,0,0,200,1,0,40,32549,23937,0,035588
0,0,0,0,200,1,0,40,35516,23977,0,035606
0,0,0,0,200,1,0,40,35547,24011,0,035640
0,0,0,0,200,1,0,40,35547,24211,0,035841
0,0,0,0,200,1,0,40,35547,24411,0,036040
0,0,0,0,200,1,0,40,35547,24611,0,036242
0,0,0,0,200,1,0,40,35547,24811,0,036442
0,0,0,0,200,0,0,40,35547,24938,0,036602
0,0,0,0,200,0,0,40,36530,24990,0,036620
0,0,0,0,200,0,0,40,36561,25024,0,036659
0,0,0,0,200,0,0,50,36620,25082,0,036710
0,0,0,0,200,0,0,50,36620,25282,0,036911
0,0,0,0,200,0,0,50,36620,25482,0,037115
0,0,0,0,200,0,0,50,36620,25682,0,037316
0,0,0,0,200,0,0,50,36620,25882,0,037500
0,0,0,0,200,0,0,50,36620,26082,0,037703
0,0,0,0,200,0,0,50,36620,26283,0,037904
0,0,0,0,200,0,0,50,36620,26483,0,038106
0,0,0,0,200,0,0,50,36620,26683,0,038303
0,0,0,0,200,0,0,50,36620,26883,0,038503
0,0,0,0,200,0,0,50,36620,27083,0,038712
0,0,0,0,200,0,0,50,36620,27283,0,038912
0,0,0,0,200,0,0,50,36620,27483,0,039114
0,0,0,0,200,0,0,50,36620,27683,0,039315
0,0,0,0,200,0,0,50,36620,27883,0,039515
0,0,0,0,200,0,0,50,36620,28083,0,039717
0,0,0,0,200,0,0,50,36620,28283,0,039916
0,0,0,0,200,0,0,50,36620,28483,0,040117
0,0,0,0,200,0,0,50,36620,28683,0,040319
0,0,0,0,200,0,0,50,36620,28883,0,040530
0,0,0,0,200,0,0,50,36620,29083,0,040706
0,0,0,0,200,0,0,50,36620,29283,0,040907
0,0,0,0,200,0,0,50,36620,29483,0,041106
0,0,0,0,200,0,0,50,36620,29683,0,041307
0,0,0,0,200,0,0,50,36620,29883,0,041506
0,0,0,0,200,0,0,50,36620,30083,0,041706
0,0,0,0,200,0,0,50,36620,30283,0,041907
0,0,0,0,200,0,0,50,36620,30483,0,042108
0,0,0,0,200,0,0,50,42124,30577,0,042215
0,0,0,0,200,0,0,50,42124,30777,0,042417
0,0,0,0,200,0,0,50,42124,30977,0,042632
0,0,0,0,200,0,0,50,42124,31177,0,042808
0,0,0,0,200,0,0,50,42124,31377,0,043007
0,0,0,0,200,0,0,50,42124,31577,0,043231
0,0,0,0,200,1,0,40,43158,31611,0,043250
0,0,0,0,200,1,0,40,43188,31642,0,043282
0,0,0,0,200,1,0,40,43188,31842,0,043484
0,0,0,0,200,1,0,40,43188,32043,0,043673
0,0,0,0,200,1,0,40,43188,32243,0,043870
0,0,0,0,200,1,0,40,43188,32443,0,044070
0,0,0,0,200,1,1,40,43188,32623,0,044281
0,0,0,0,200,1,1,40,44210,32661,0,044299
0,0,0,0,200,1,1,40,44240,32694,0,044332
0,0,0,0,200,1,1,40,44240,32894,0,044532
0,0,0,0,200,1,1,40,44240,33094,0,044729
0,0,0,0,200,1,1,40,44240,33294,0,044935
0,0,0,0,200,1,1,40,44240,33494,0,045135
0,0,0,0,200,1,1,40,44240,33694,0,045323
0,0,0,0,200,1,1,40,44240,33894,0,045522
0,0,0,0,200,1,1,40,44240,34094,0,045723
0,0,0,0,200,1,1,40,44240,34294,0,045922
0,0,0,0,200,1,1,40,44240,34494,0,046125
0,0,0,0,200,1,1,40,44240,34694,0,046325
0,0,0,0,200,1,1,40,44240,34894,0,046526
0,0,0,0,200,1,1,40,44240,35094,0,046726
0,0,0,0,200,1,1,40,44240,35294,0,046930
0,0,0,0,200,1,1,40,44240,35494,0,047132
0,0,0,0,200,1,0,40,44240,35611,0,047275
0,0,0,0,200,1,0,40,47206,35653,0,047294
0,0,0,0,200,1,0,40,47236,35687,0,047326
0,0,0,0,200,1,0,40,47236,35887,0,047526
0,0,0,0,200,1,0,40,47236,36087,0,047727
0,0,0,0,200,1,0,40,47236,36287,0,047926
0,0,0,0,200,1,0,40,47236,36487,0,048128
0,0,0,0,200,0,0,40,47236,36606,0,048272
0,0,0,0,200,0,0,40,48201,36647,0,048289
0,0,0,0,200,0,0,40,48231,36680,0,048338
0,0,0,0,200,0,0,40,48231,36880,0,048511
0,0,0,0,200,0,0,40,48231,37080,0,048711
0,0,0,0,200,0,0,40,48231,37280,0,048911
0,0,0,0,200,0,0,40,48231,37480,0,049111
0,0,0,0,200,0,0,40,48231,37680,0,049312
0,0,0,0,200,0,0,40,48231,37880,0,049512
0,0,0,0,200,0,0,40,48231,38080,0,049714
0,0,0,0,200,0,0,40,48231,38280,0,049944
0,0,0,0,200,1,0,30,49866,38311,0,049962
0,0,0,0,200,1,0,30,49894,38342,0,049998
0,0,0,0,200,1,0,30,49894,38542,0,050181
0,0,0,0,200,1,0,30,49894,38742,0,050382
0,0,0,0,200,1,0,30,49894,38942,0,050586
0,0,0,0,200,1,0,30,49894,39142,0,050788
0,0,0,0,200,1,1,30,49894,39315,0,050994
0,0,0,0,200,1,1,30,50922,39366,0,051011
0,0,0,0,200,1,1,30,50953,39400,0,051045
0,0,0,0,200,1,1,30,50953,39600,0,051243
0,0,0,0,200,1,1,30,50953,39800,0,051444
0,0,0,0,200,1,1,30,50953,40000,0,051644
0,0,0,0,200,1,1,30,50953,40200,0,051845
0,0,0,0,200,1,1,30,50953,40400,0,052047
0,0,0,0,200,1,1,30,50953,40600,0,052246
0,0,0,0,200,1,1,30,50953,40800,0,052446
0,0,0,0,200,1,1,30,50953,41000,0,052648
0,0,0,0,200,1,1,30,50953,41200,0,052841
0,0,0,0,200,1,1,30,50953,41400,0,053040
0,0,0,0,200,1,1,30,50953,41600,0,053240
0,0,0,0,200,1,1,30,50953,41800,0,053441
0,0,0,0,200,1,1,30,50953,42000,0,053641
0,0,0,0,200,1,1,30,50953,42200,0,053847
0,0,0,0,200,1,0,30,50953,42322,0,054011
0,0,0,0,200,1,0,30,53931,42373,0,054027
0,0,0,0,200,1,0,30,53963,42406,0,054060
0,0,0,0,200,1,0,30,53963,42606,0,054243
0,0,0,0,200,1,0,30,53963,42806,0,054442
0,0,0,0,200,1,0,30,53963,43006,0,054646
0,0,0,0,200,1,0,30,53963,43206,0,054855
0,0,0,0,200,0,0,30,53963,43312,0,054981
0,0,0,0,200,0,0,30,54910,43350,0,055000
0,0,0,0,200,0,0,30,54940,43383,0,055033
0,0,0,0,200,0,0,30,54940,43583,0,055232
0,0,0,0,200,0,0,30,54940,43783,0,055432
0,0,0,0,200,0,0,30,54940,43983,0,055632
0,0,0,0,200,0,0,30,54940,44183,0,055834
0,0,0,0,200,0,0,30,54940,44383,0,056026
0,0,0,0,200,0,0,30,54940,44583,0,056227
0,0,0,0,200,0,0,30,54940,44783,0,056427
0,0,0,0,200,0,0,30,54940,44983,0,056628
0,0,0,0,200,1,0,20,56711,45150,0,056794
0,0,0,0,200,1,0,20,56741,45182,0,056827
0,0,0,0,200,1,0,20,56741,45382,0,057026
0,0,0,0,200,1,0,20,56741,45582,0,057227
0,0,0,0,200,1,0,20,56741,45782,0,057428
0,0,0,0,200,1,0,20,56741,45982,0,057626
0,0,0,0,200,1,1,20,56741,46148,0,057833
0,0,0,0,200,1,1,20,57762,46198,0,057852
0,0,0,0,200,1,1,20,57793,46233,0,057884
0,0,0,0,200,1,1,20,57793,46433,0,058089
0,0,0,0,200,1,1,20,57793,46633,0,058288
0,0,0,0,200,1,1,20,57793,46833,0,058478
0,0,0,0,200,1,1,20,57793,47033,0,058684
0,0,0,0,200,1,1,20,57793,47233,0,058883
0,0,0,0,200,1,1,20,57793,47433,0,059083
0,0,0,0,200,1,1,20,57793,47633,0,059287
0,0,0,0,200,1,1,20,57793,47833,0,059488
0,0,0,0,200,1,1,20,57793,48033,0,059688
0,0,0,0,200,1,1,20,57793,48233,0,059887
0,0,0,0,200,1,1,20,57793,48433,0,060078
0,0,0,0,200,1,1,20,57793,48633,0,060278
0,0,0,0,200,1,1,20,57793,48833,0,060481
0,0,0,0,200,1,1,20,57793,49033,0,060683
0,0,0,0,200,1,0,20,57793,49148,0,060849
0,0,0,0,200,1,0,20,60767,49201,0,060866
0,0,0,0,200,1,0,20,60798,49234,0,060882
0,0,0,0,200,1,0,20,60798,49434,0,061088
0,0,0,0,200,1,0,20,60798,49634,0,061288
0,0,0,0,200,1,0,20,60798,49835,0,061489
0,0,0,0,200,1,0,20,60798,50035,0,061693
0,0,0,0,200,0,0,20,60798,50159,0,061842
0,0,0,0,200,0,0,20,61770,50202,0,061858
0,0,0,0,200,0,0,20,61801,50236,0,061894
0,0,0,0,200,0,0,20,61801,50436,0,062092
0,0,0,0,200,0,0,20,61801,50636,0,062294
0,0,0,0,200,0,0,20,61801,50836,0,062493
0,0,0,0,200,0,0,20,61801,51036,0,062694
0,0,0,0,200,0,0,20,61801,51236,0,062895
0,0,0,0,200,0,0,20,61801,51436,0,063081
0,0,0,0,200,0,0,20,61801,51636,0,063282
0,0,0,0,200,1,0,10,63347,51780,0,063440
0,0,0,0,200,1,0,10,63378,51812,0,063471
0,0,0,0,200,1,0,10,63378,52012,0,063658
0,0,0,0,200,1,0,10,63378,52212,0,063874
0,0,0,0,200,1,0,10,63378,52412,0,064065
0,0,0,0,200,1,0,10,63378,52612,0,064267
0,0,0,0,200,1,1,10,63378,52780,0,064459
0,0,0,0,200,1,1,10,64388,52816,0,064477
0,0,0,0,200,1,1,10,64418,52851,0,064509
0,0,0,0,200,1,1,10,64418,53051,0,064715
0,0,0,0,200,1,1,10,64418,53251,0,064910
0,0,0,0,200,1,1,10,64418,53451,0,065111
0,0,0,0,200,1,1,10,64418,53651,0,065313
0,0,0,0,200,1,1,10,64418,53851,0,065503
0,0,0,0,200,1,1,10,64418,54051,0,065702
0,0,0,0,200,1,1,10,64418,54251,0,065901
0,0,0,0,200,1,1,10,64418,54451,0,066101
0,0,0,0,200,1,1,10,64418,54651,0,066310
0,0,0,0,200,1,1,10,64418,54851,0,066513
0,0,0,0,200,1,1,10,64418,55051,0,066706
0,0,0,0,200,1,1,10,64418,55251,0,066906
0,0,0,0,200,1,1,10,64418,55451,0,067106
0,0,0,0,200,1,1,10,64418,55651,0,067308
0,0,0,0,200,1,0,10,64418,55783,0,067470
0,0,0,0,200,1,0,10,1859,55822,0,067488
0,0,0,0,200,1,0,10,1891,55856,0,067522
0,0,0,0,200,1,0,10,1891,56056,0,067709
0,0,0,0,200,1,0,10,1891,56256,0,067909
0,0,0,0,200,1,0,10,1891,56456,0,068109
0,0,0,0,200,1,0,10,1891,56656,0,068309
0,0,0,0,200,0,0,10,1891,56784,0,068471
0,0,0,0,200,0,0,10,2861,56821,0,068488
0,0,0,0,200,0,0,10,2892,56856,0,068520
0,0,0,0,200,0,0,10,2892,57056,0,068710
0,0,0,0,200,0,0,10,2892,57256,0,068913
0,0,0,0,200,0,0,10,2892,57456,0,069113
0,0,0,0,200,0,0,10,2892,57656,0,069324
0,0,0,0,200,0,0,10,2892,57856,0,069519
0,0,0,0,200,0,0,10,2892,58056,0,069780
0,0,0,0,200,1,0,0,4166,58127,0,069797
0,0,0,0,200,1,0,0,4196,58158,0,069829
0,0,0,0,200,1,0,0,4196,58358,0,070026
0,0,0,0,200,1,0,0,4196,58558,0,070225
0,0,0,0,200,1,0,0,4196,58758,0,070412
0,0,0,0,200,1,0,0,4196,58958,0,070611
0,0,0,0,200,1,1,0,4196,59132,0,070836
0,0,0,0,200,1,1,0,5222,59180,0,070853
0,0,0,0,200,1,1,0,5252,59212,0,070870
0,0,0,0,200,1,1,0,5252,59412,0,071069
0,0,0,0,200,1,1,0,5252,59612,0,071272
0,0,0,0,200,1,1,0,5252,59812,0,071471
0,0,0,0,200,1,1,0,5252,60012,0,071671
0,0,0,0,200,1,1,0,5252,60212,0,071878
0,0,0,0,200,1,1,0,5252,60412,0,072080
0,0,0,0,200,1,1,0,5252,60612,0,072280
0,0,0,0,200,1,1,0,5252,60812,0,072481
0,0,0,0,200,1,1,0,5252,61012,0,072681
0,0,0,0,200,1,1,0,5252,61212,0,072883
0,0,0,0,200,1,1,0,5252,61412,0,073080
0,0,0,0,200,1,1,0,5252,61612,0,073281
0,0,0,0,200,1,1,0,5252,61812,0,073484
0,0,0,0,200,1,1,0,5252,62012,0,073685
0,0,0,0,200,1,0,0,5252,62135,0,073837
0,0,0,0,200,1,0,0,8229,62183,0,073855
0,0,0,0,200,1,0,0,8260,62217,0,073888
0,0,0,0,200,1,0,0,8260,62417,0,074087
0,0,0,0,200,1,0,0,8260,62617,0,074288
0,0,0,0,200,1,0,0,8260,62817,0,074491
0,0,0,0,200,1,0,0,8260,63017,0,074678
0,0,0,0,200,0,0,0,8260,63129,0,074824
0,0,0,0,200,0,0,0,9217,63169,0,074842
0,0,0,0,200,0,0,0,9247,63203,0,074873
0,0,0,0,200,0,0,0,9247,63403,0,075075
0,0,0,0,200,0,0,0,9247,63603,0,075274
0,0,0,0,200,0,0,0,9247,63803,0,075467
0,0,0,0,200,0,0,0,9247,64003,0,075669
0,0,0,0,200,0,0,0,9247,64203,0,075869
0,0,0,0,200,0,0,0,9247,64403,0,076068
0,0,0,0,200,0,0,0,9247,64603,0,076273
0,0,0,0,200,0,0,0,9247,64803,0,076474
0,0,0,0,200,0,0,0,9247,65003,0,076672
0,0,0,0,200,0,0,0,9247,65203,0,076873
0,0,0,0,200,0,0,0,9247,65403,0,077077
0,0,0,0,200,0,0,0,9247,67,0,077277
0,0,0,0,200,0,0,20,11758,175,0,077384
0,0,0,0,200,0,0,20,11789,207,0,077418
0,0,0,0,200,0,0,20,11789,407,0,077618
0,0,0,0,200,0,0,20,11789,607,0,077818
0,0,0,0,200,0,0,20,11789,807,0,078018
0,0,0,0,200,0,0,40,12482,898,0,078119
0,0,0,0,200,0,0,40,12513,930,0,078145
0,0,0,0,200,0,0,40,12513,1130,0,078345
0,0,0,0,200,0,0,40,12513,1330,0,078544
0,0,0,0,200,0,0,40,12513,1530,0,078738
0,0,0,0,200,0,0,40,12513,1730,0,078942
0,0,0,0,200,0,0,40,12513,1930,0,079144
0,0,0,0,200,0,0,40,12513,2130,0,079333
0,0,0,0,200,0,0,40,12513,2330,0,079571
0,0,0,0,200,0,0,60,13965,2378,0,079590
0,0,0,0,200,0,0,60,13996,2411,0,079620
0,0,0,0,200,0,0,60,13996,2611,0,079814
0,0,0,0,200,0,0,60,13996,2811,0,080013
0,0,0,0,200,0,0,60,13996,3011,0,080215
0,0,0,0,200,0,0,60,13996,3211,0,080416
0,0,0,0,200,0,0,60,13996,3411,0,080626
0,0,0,0,200,0,0,80,15013,3426,0,080660
0,0,0,0,200,0,0,80,15043,3458,0,080692
0,0,0,0,200,0,0,80,15043,3658,0,080861
0,0,0,0,200,0,0,80,15043,3858,0,081076
0,0,0,0,200,0,0,80,15043,4058,0,081260
0,0,0,0,200,0,0,80,15043,4258,0,081461
0,0,0,0,200,0,0,80,15043,4458,0,081660
0,0,0,0,200,0,0,80,15043,4658,0,081861
0,0,0,0,200,0,0,80,15043,4858,0,082062
0,0,0,0,200,0,0,80,15043,5058,0,082268
0,0,0,0,200,0,0,80,15043,5258,0,082473
0,0,0,0,200,0,0,80,15043,5458,0,082679
0,0,0,0,200,1,0,70,17055,5466,0,082714
0,0,0,0,200,1,0,70,17086,5497,0,082747
0,0,0,0,200,1,0,70,17086,5697,0,082914
0,0,0,0,200,1,0,70,17086,5897,0,083114
0,0,0,0,200,1,0,70,17086,6097,0,083315
0,0,0,0,200,1,0,70,17086,6297,0,083520
0,0,0,0,200,1,1,70,17086,6475,0,083713
0,0,0,0,200,1,1,70,18105,6512,0,083731
0,0,0,0,200,1,1,70,18137,6547,0,083763
0,0,0,0,200,1,1,70,18137,6747,0,083962
0,0,0,0,200,1,1,70,18137,6947,0,084169
0,0,0,0,200,1,1,70,18137,7147,0,084351
0,0,0,0,200,1,1,70,18137,7347,0,084557
0,0,0,0,200,1,1,70,18137,7547,0,084757
0,0,0,0,200,1,1,70,18137,7747,0,084958
0,0,0,0,200,1,1,70,18137,7947,0,085158
0,0,0,0,200,1,1,70,18137,8147,0,085368
0,0,0,0,200,1,1,70,18137,8347,0,085567
0,0,0,0,200,1,1,70,18137,8547,0,085768
0,0,0,0,200,1,1,70,18137,8747,0,085968
0,0,0,0,200,1,1,70,18137,8947,0,086157
0,0,0,0,200,1,1,70,18137,9147,0,086362
0,0,0,0,200,1,1,70,18137,9347,0,086563
0,0,0,0,200,1,0,70,18137,9464,0,086719
0,0,0,0,200,1,0,70,21101,9504,0,086737
0,0,0,0,200,1,0,70,21132,9539,0,086753
0,0,0,0,200,1,0,70,21132,9739,0,086963
0,0,0,0,200,1,0,70,21132,9939,0,087159
0,0,0,0,200,1,0,70,21132,10139,0,087362
0,0,0,0,200,1,0,70,21132,10339,0,087560
0,0,0,0,200,0,0,70,21132,10462,0,087723
0,0,0,0,200,0,0,70,22105,10508,0,087740
0,0,0,0,200,0,0,70,22135,10543,0,087774
0,0,0,0,200,0,0,70,22135,10743,0,087967
0,0,0,0,200,0,0,70,22135,10943,0,088169
0,0,0,0,200,0,0,70,22135,11143,0,088360
0,0,0,0,200,0,0,70,22135,11343,0,088563
0,0,0,0,200,0,0,70,22135,11543,0,088766
0,0,0,0,200,0,0,70,22135,11743,0,088970
0,0,0,0,200,1,0,60,23482,11886,0,089110
0,0,0,0,200,1,0,60,23513,11919,0,089145
0,0,0,0,200,1,0,60,23513,12119,0,089342
0,0,0,0,200,1,0,60,23513,12319,0,089544
0,0,0,0,200,1,0,60,23513,12519,0,089743
0,0,0,0,200,1,0,60,23513,12719,0,089943
0,0,0,0,200,1,1,60,23513,12892,0,090139
0,0,0,0,200,1,1,60,24531,12932,0,090158
0,0,0,0,200,1,1,60,24562,12965,0,090191
0,0,0,0,200,1,1,60,24562,13165,0,090390
0,0,0,0,200,1,1,60,24562,13365,0,090590
0,0,0,0,200,1,1,60,24562,13565,0,090792
0,0,0,0,200,1,1,60,24562,13765,0,090992
0,0,0,0,200,1,1,60,24562,13965,0,091191
0,0,0,0,200,1,1,60,24562,14166,0,091392
0,0,0,0,200,1,1,60,24562,14366,0,091593
0,0,0,0,200,1,1,60,24562,14566,0,091791
0,0,0,0,200,1,1,60,24562,14766,0,091995
0,0,0,0,200,1,1,60,24562,14966,0,092189
0,0,0,0,200,1,1,60,24562,15166,0,092390
0,0,0,0,200,1,1,60,24562,15366,0,092587
0,0,0,0,200,1,1,60,24562,15566,0,092795
0,0,0,0,200,1,1,60,24562,15766,0,092996
0,0,0,0,200,1,0,60,24562,15890,0,093152
0,0,0,0,200,1,0,60,27532,15929,0,093169
0,0,0,0,200,1,0,60,27562,15963,0,093186
0,0,0,0,200,1,0,60,27562,16163,0,093389
0,0,0,0,200,1,0,60,27562,16363,0,093591
0,0,0,0,200,1,0,60,27562,16563,0,093792
0,0,0,0,200,1,0,60,27562,16763,0,093998
0,0,0,0,200,0,0,60,27562,16887,0,094139
0,0,0,0,200,0,0,60,28531,16926,0,094156
0,0,0,0,200,0,0,60,28562,16961,0,094191
0,0,0,0,200,0,0,60,28562,17161,0,094391
0,0,0,0,200,0,0,60,28562,17361,0,094592
0,0,0,0,200,0,0,60,28562,17561,0,094793
0,0,0,0,200,0,0,60,28562,17761,0,094995
0,0,0,0,200,0,0,60,28562,17961,0,095182
0,0,0,0,200,1,0,50,29664,18060,0,095289
0,0,0,0,200,1,0,50,29694,18092,0,095321
0,0,0,0,200,1,0,50,29694,18292,0,095530
0,0,0,0,200,1,0,50,29694,18492,0,095723
0,0,0,0,200,1,0,50,29694,18692,0,095924
0,0,0,0,200,1,0,50,29694,18892,0,096123
0,0,0,0,200,1,1,50,29694,19063,0,096329
0,0,0,0,200,1,1,50,30721,19115,0,096348
0,0,0,0,200,1,1,50,30752,19149,0,096381
0,0,0,0,200,1,1,50,30752,19349,0,096569
0,0,0,0,200,1,1,50,30752,19549,0,096771
0,0,0,0,200,1,1,50,30752,19749,0,096972
0,0,0,0,200,1,1,50,30752,19949,0,097172
0,0,0,0,200,1,1,50,30752,20149,0,097371
0,0,0,0,200,1,1,50,30752,20349,0,097572
0,0,0,0,200,1,1,50,30752,20549,0,097772
0,0,0,0,200,1,1,50,30752,20749,0,097977
0,0,0,0,200,1,1,50,30752,20950,0,098176
0,0,0,0,200,1,1,50,30752,21150,0,098377
0,0,0,0,200,1,1,50,30752,21350,0,098577
0,0,0,0,200,1,1,50,30752,21550,0,098776
0,0,0,0,200,1,1,50,30752,21750,0,098981
0,0,0,0,200,1,1,50,30752,21950,0,099182
0,0,0,0,200,1,0,50,30752,22070,0,099337
0,0,0,0,200,1,0,50,33729,22119,0,099354
0,0,0,0,200,1,0,50,33760,22154,0,099389
0,0,0,0,200,1,0,50,33760,22354,0,099591
0,0,0,0,200,1,0,50,33760,22554,0,099791
0,0,0,0,200,1,0,50,33760,22754,0,099980
0,0,0,0,200,1,0,50,33760,22955,0,0100179
0,0,0,0,200,0,0,50,33760,23066,0,0100391
0,0,0,0,200,0,0,50,34717,23141,0,0100411
0,0,0,0,200,0,0,50,34783,23205,0,0100451
0,0,0,0,200,0,0,50,34783,23405,0,0100643
0,0,0,0,200,0,0,50,34783,23605,0,0100835
0,0,0,0,200,0,0,50,34783,23805,0,0101038
0,0,0,0,200,0,0,50,34783,24005,0,0101236
0,0,0,0,200,0,0,50,34783,24205,0,0101438
0,0,0,0,200,0,0,50,34783,24406,0,0101640
0,0,0,0,200,0,0,50,34783,24606,0,0101841
0,0,0,0,200,1,0,40,36322,24745,0,0101996
0,0,0,0,200,1,0,40,36388,24809,0,0102048
0,0,0,0,200,1,0,40,36388,25009,0,0102248
0,0,0,0,200,1,0,40,36388,25209,0,0102446
0,0,0,0,200,1,0,40,36388,25409,0,0102647
0,0,0,0,200,1,0,40,36388,25609,0,0102847
0,0,0,0,200,1,1,40,36388,25748,0,0103074
0,0,0,0,200,1,1,40,37402,25822,0,0103092
0,0,0,0,200,1,1,40,37467,25886,0,0103128
0,0,0,0,200,1,1,40,37467,26086,0,0103319
0,0,0,0,200,1,1,40,37467,26286,0,0103518
0,0,0,0,200,1,1,40,37467,26486,0,0103718
0,0,0,0,200,1,1,40,37467,26686,0,0103918
0,0,0,0,200,1,1,40,37467,26886,0,0104125
0,0,0,0,200,1,1,40,37467,27086,0,0104326
0,0,0,0,200,1,1,40,37467,27286,0,0104524
0,0,0,0,200,1,1,40,37467,27486,0,0104730
0,0,0,0,200,1,1,40,37467,27686,0,0104916
0,0,0,0,200,1,1,40,37467,27886,0,0105117
0,0,0,0,200,1,1,40,37467,28086,0,0105333
0,0,0,0,200,1,1,40,37467,28286,0,0105522
0,0,0,0,200,1,1,40,37467,28486,0,0105722
0,0,0,0,200,1,1,40,37467,28686,0,0105951
0,0,0,0,200,1,0,40,37467,28753,0,0106090
0,0,0,0,200,1,0,40,40416,28832,0,0106106
0,0,0,0,200,1,0,40,40481,28898,0,0106141
0,0,0,0,200,1,0,40,40481,29099,0,0106341
0,0,0,0,200,1,0,40,40481,29299,0,0106540
0,0,0,0,200,1,0,40,40481,29499,0,0106742
0,0,0,0,200,1,0,40,40481,29699,0,0106931
0,0,0,0,200,0,0,40,40481,29739,0,0107012
0,0,0,0,200,0,0,40,41395,29775,0,0107030
0,0,0,0,200,0,0,40,41425,29809,0,0107045
0,0,0,0,200,0,0,40,41425,30009,0,0107251
0,0,0,0,200,0,0,40,41425,30209,0,0107451
0,0,0,0,200,0,0,40,41425,30409,0,0107653
0,0,0,0,200,0,0,40,41425,30609,0,0107849
0,0,0,0,200,0,0,40,41425,30809,0,0108054
0,0,0,0,200,0,0,40,41425,31009,0,0108254
0,0,0,0,200,0,0,40,41425,31209,0,0108445
0,0,0,0,200,0,0,40,41425,31409,0,0108647
0,0,0,0,200,0,0,40,41425,31609,0,0108854
0,0,0,0,200,0,0,40,41425,31809,0,0109054
0,0,0,0,200,0,0,40,41425,32009,0,0109256
0,0,0,0,200,0,0,40,41425,32209,0,0109457
0,0,0,0,200,0,0,40,41425,32409,0,0109642
0,0,0,0,200,0,0,40,41425,32609,0,0109844
0,0,0,0,200,0,0,40,41425,32809,0,0110049
0,0,0,0,200,0,0,40,41425,33009,0,0110246
0,0,0,0,200,0,0,40,41425,33209,0,0110447
0,0,0,0,200,0,0,40,41425,33409,0,0110646
0,0,0,0,200,0,0,40,41425,33609,0,0110854
0,0,0,0,200,0,0,40,41425,33809,0,0111052
0,0,0,0,200,0,0,40,41425,34009,0,0111259
0,0,0,0,200,0,0,40,41425,34209,0,0111458
0,0,0,0,200,0,0,40,41425,34409,0,0111645
