0,0,0,0,200,0,0,0,0,1603,0,09238
0,0,0,0,200,0,0,0,0,1803,0,09437
0,0,0,0,200,0,0,0,0,2003,0,09638
0,0,0,0,200,0,0,0,0,2203,0,09840
0,0,0,0,200,0,0,0,0,2403,0,010038
0,0,0,0,200,0,0,0,0,2603,0,010239
0,0,0,0,200,0,0,0,0,2803,0,010440
0,0,0,0,200,0,0,0,0,3003,0,010639
0,0,0,0,200,0,0,0,0,3203,0,010824
0,0,0,0,200,0,0,0,0,3403,0,011041
0,0,0,0,200,0,0,0,0,3603,0,011224
0,0,0,0,200,0,0,0,0,3803,0,011424
0,0,0,0,200,0,0,0,0,4003,0,011626
0,0,0,0,200,0,0,0,0,4203,0,011826
0,0,0,0,200,0,0,0,0,4403,0,012025
0,0,0,0,200,0,0,0,0,4603,0,012232
0,0,0,0,200,0,0,0,0,4803,0,012432
0,0,0,0,200,0,0,0,0,5003,0,012632
0,0,0,0,200,0,0,0,0,5203,0,012834
0,0,0,0,200,0,0,0,0,5403,0,013035
0,0,0,0,200,0,0,0,0,5603,0,013236
0,0,0,0,200,0,0,0,0,5803,0,013436
0,0,0,0,200,0,0,0,0,6003,0,013624
0,0,0,0,200,0,0,0,0,6203,0,013824
0,0,0,0,200,0,0,0,0,6403,0,014027
0,0,0,0,200,0,0,0,0,6603,0,014226
0,0,0,0,200,0,0,0,0,6803,0,014428
0,0,0,0,200,0,0,0,0,7003,0,014629
0,0,0,0,200,0,0,0,0,7203,0,014836
0,0,0,0,200,0,0,0,0,7403,0,015036
0,0,0,0,200,0,0,0,0,7603,0,015236
0,0,0,0,200,0,0,0,0,7803,0,015437
0,0,0,0,200,0,0,0,0,8003,0,015636
0,0,0,0,200,0,0,0,0,8203,0,015838
0,0,0,0,200,0,0,0,0,8403,0,016037
0,0,0,0,200,0,0,0,0,8603,0,016242
0,0,0,0,200,0,0,0,0,8803,0,016440
0,0,0,0,200,0,0,0,0,9003,0,016624
0,0,0,0,200,0,0,0,0,9203,0,016825
0,0,0,0,200,0,0,0,0,9403,0,017025
0,0,0,0,200,0,0,0,0,9603,0,017227
0,0,0,0,200,0,0,0,0,9803,0,017429
0,0,0,0,200,0,0,20,17529,9978,0,017642
0,0,0,0,200,0,0,20,17568,10015,0,017659
0,0,0,0,200,0,0,20,17568,10215,0,017859
0,0,0,0,200,0,0,20,17568,10415,0,018058
0,0,0,0,200,0,0,40,18157,10607,0,018270
0,0,0,0,200,0,0,40,18194,10643,0,018289
0,0,0,0,200,0,0,40,18194,10843,0,018471
0,0,0,0,200,0,0,40,18194,11043,0,018682
0,0,0,0,200,0,0,40,18194,11243,0,018895
0,0,0,0,200,0,0,60,18954,11404,0,019064
0,0,0,0,200,0,0,60,18991,11440,0,019080
0,0,0,0,200,0,0,60,18991,11640,0,019272
0,0,0,0,200,0,0,60,18991,11840,0,019480
0,0,0,0,200,0,0,60,18991,12040,0,019681
0,0,0,0,200,0,0,60,18991,12240,0,019873
0,0,0,0,200,0,0,60,18991,12440,0,020073
0,0,0,0,200,0,0,60,18991,12640,0,020274
0,0,0,0,200,0,0,60,18991,12840,0,020473
0,0,0,0,200,0,0,60,18991,13040,0,020694
0,0,0,0,200,0,0,60,18991,13240,0,020870
0,0,0,0,200,0,0,60,18991,13440,0,021071
0,0,0,0,200,0,0,60,18991,13640,0,021275
0,0,0,0,200,0,0,60,18991,13840,0,021475
0,0,0,0,200,0,0,60,18991,14040,0,021676
0,0,0,0,200,0,0,60,18991,14240,0,021877
0,0,0,0,200,0,0,60,18991,14440,0,022076
0,0,0,0,200,0,0,60,18991,14640,0,022279
0,0,0,0,200,0,0,60,18991,14840,0,022478
0,0,0,0,200,0,0,60,18991,15040,0,022678
0,0,0,0,200,0,0,60,18991,15240,0,022881
0,0,0,0,200,0,0,60,18991,15440,0,023069
0,0,0,0,200,0,0,60,18991,15640,0,023275
0,0,0,0,200,0,0,60,18991,15840,0,023476
0,0,0,0,200,0,0,60,18991,16040,0,023677
0,0,1,0,200,0,0,60,18991,16098,0,023760
0,0,0,0,200,0,0,60,18991,16099,0,023840
0,0,0,0,200,1,0,50,23760,16210,0,023874
0,0,0,0,200,1,0,50,23791,16243,0,023891
0,0,0,0,200,1,0,50,23791,16443,0,024074
0,0,0,0,200,1,0,50,23791,16643,0,024277
0,0,0,0,200,1,0,50,23791,16843,0,024478
0,0,0,0,200,1,0,50,23791,17043,0,024676
0,0,0,0,200,1,1,50,23791,17208,0,024871
0,0,0,0,200,1,1,50,24799,17247,0,024907
0,0,0,0,200,1,1,50,24830,17282,0,024927
0,0,0,0,200,1,1,50,24830,17482,0,025110
0,0,0,0,200,1,1,50,24830,17682,0,025323
0,0,0,0,200,1,1,50,24830,17882,0,025521
0,0,0,0,200,1,1,50,24830,18082,0,025723
0,0,0,0,200,1,1,50,24830,18282,0,025923
0,0,0,0,200,1,1,50,24830,18482,0,026123
0,0,0,0,200,1,1,50,24830,18682,0,026324
0,0,0,0,200,1,1,50,24830,18882,0,026513
0,0,0,0,200,1,1,50,24830,19082,0,026710
0,0,0,0,200,1,1,50,24830,19282,0,026922
0,0,0,0,200,1,1,50,24830,19482,0,027111
0,0,0,0,200,1,1,50,24830,19682,0,027311
0,0,0,0,200,1,1,50,24830,19883,0,027511
0,0,0,0,200,1,1,50,24830,20083,0,027712
0,0,0,0,200,1,0,50,24830,20212,0,027876
0,0,0,0,200,1,0,50,27803,20251,0,027910
0,0,0,0,200,1,0,50,27834,20285,0,027927
0,0,0,0,200,1,0,50,27834,20485,0,028127
0,0,0,0,200,1,0,50,27834,20685,0,028314
0,0,0,0,200,1,0,50,27834,20885,0,028521
0,0,0,0,200,1,0,50,27834,21085,0,028727
0,0,0,0,200,0,0,50,27834,21209,0,028871
0,0,0,0,200,0,0,50,28799,21248,0,028906
0,0,0,0,200,0,0,50,28830,21282,0,028923
0,0,0,0,200,0,0,50,28830,21482,0,029119
0,0,0,0,200,0,0,50,28830,21682,0,029320
0,0,0,0,200,0,0,50,28830,21882,0,029521
0,0,0,0,200,0,0,50,28830,22082,0,029725
0,0,0,0,200,0,0,50,28830,22282,0,029916
0,0,0,0,200,0,0,50,28830,22482,0,030120
0,0,0,0,200,0,0,50,28830,22682,0,030321
0,0,0,0,200,0,0,50,28830,22882,0,030521
0,0,0,0,200,0,0,50,28830,23083,0,030720
0,0,0,0,200,0,0,50,28830,23283,0,030920
0,0,0,0,200,0,0,50,28830,23483,0,031113
0,0,0,0,200,0,0,50,28830,23683,0,031324
0,0,1,0,200,0,0,50,28830,23811,0,031473
0,0,0,0,200,0,0,50,28830,23813,0,031554
0,0,0,0,200,1,0,40,31473,23923,0,031588
0,0,0,0,200,1,0,40,31504,23956,0,031605
0,0,0,0,200,1,0,40,31504,24156,0,031789
0,0,0,0,200,1,0,40,31504,24356,0,031997
0,0,0,0,200,1,0,40,31504,24556,0,032196
0,0,0,0,200,1,0,40,31504,24756,0,032407
0,0,0,0,200,1,1,40,31504,24929,0,032592
0,0,0,0,200,1,1,40,32518,24968,0,032629
0,0,0,0,200,1,1,40,32549,25001,0,032645
0,0,0,0,200,1,1,40,32549,25201,0,032833
0,0,0,0,200,1,1,40,32549,25401,0,033033
0,0,0,0,200,1,1,40,32549,25601,0,033246
0,0,0,0,200,1,1,40,32549,25801,0,033447
0,0,0,0,200,1,1,40,32549,26001,0,033644
0,0,0,0,200,1,1,40,32549,26201,0,033829
0,0,0,0,200,1,1,40,32549,26401,0,034043
0,0,0,0,200,1,1,40,32549,26601,0,034229
0,0,0,0,200,1,1,40,32549,26801,0,034428
0,0,0,0,200,1,1,40,32549,27001,0,034635
0,0,0,0,200,1,1,40,32549,27201,0,034839
0,0,0,0,200,1,1,40,32549,27401,0,035038
0,0,0,0,200,1,1,40,32549,27601,0,035237
0,0,0,0,200,1,1,40,32549,27801,0,035440
0,0,0,0,200,1,0,40,32549,27923,0,035588
0,0,0,0,200,1,0,40,35516,27964,0,035624
0,0,0,0,200,1,0,40,35547,27999,0,035640
0,0,0,0,200,1,0,40,35547,28199,0,035841
0,0,0,0,200,1,0,40,35547,28399,0,036040
0,0,0,0,200,1,0,40,35547,28599,0,036242
0,0,0,0,200,1,0,40,35547,28800,0,036442
0,0,0,0,200,0,0,40,35547,28926,0,036602
0,1,0,0,200,0,0,40,35547,28931,0,036620
0,0,0,0,200,0,0,40,35547,28936,0,036659
0,0,0,0,200,0,0,40,36530,28978,0,036695
0,0,0,0,200,0,0,40,36561,29012,0,036726
0,0,0,0,200,0,0,50,36620,29071,0,036743
0,0,0,0,200,0,0,50,36620,29271,0,036911
0,0,0,0,200,0,0,50,36620,29471,0,037115
0,0,0,0,200,0,0,50,36620,29671,0,037300
0,0,0,0,200,0,0,50,36620,29871,0,037500
0,0,0,0,200,0,0,50,36620,30071,0,037703
0,0,0,0,200,0,0,50,36620,30271,0,037904
0,0,0,0,200,0,0,50,36620,30471,0,038106
0,0,0,0,200,0,0,50,36620,30671,0,038303
0,0,0,0,200,0,0,50,36620,30871,0,038503
0,0,0,0,200,0,0,50,36620,31071,0,038712
0,0,0,0,200,0,0,0,0,1603,0,042124
0,0,0,0,200,0,0,50,42124,1675,0,042215
0,0,0,0,200,0,0,50,42124,1875,0,042417
0,0,0,0,200,0,0,50,42124,2075,0,042632
0,0,0,0,200,0,0,50,42124,2275,0,042808
0,0,0,0,200,0,0,50,42124,2475,0,043007
0,0,1,0,200,0,0,50,42124,2597,0,043157
0,0,0,0,200,0,0,50,42124,2599,0,043231
0,0,0,0,200,1,0,40,43158,2707,0,043267
0,0,0,0,200,1,0,40,43188,2739,0,043282
0,0,0,0,200,1,0,40,43188,2939,0,043484
0,0,0,0,200,1,0,40,43188,3139,0,043673
0,0,0,0,200,1,0,40,43188,3339,0,043870
0,0,0,0,200,1,0,40,43188,3539,0,044070
0,0,0,0,200,1,1,40,43188,3720,0,044281
0,0,0,0,200,1,1,40,44210,3758,0,044315
0,0,0,0,200,1,1,40,44240,3791,0,044332
0,0,0,0,200,1,1,40,44240,3991,0,044532
0,0,0,0,200,1,1,40,44240,4191,0,044729
0,0,0,0,200,1,1,40,44240,4391,0,044919
0,0,0,0,200,1,1,40,44240,4591,0,045118
0,0,0,0,200,1,1,40,44240,4791,0,045323
0,0,0,0,200,1,1,40,44240,4992,0,045522
0,0,0,0,200,1,1,40,44240,5192,0,045723
0,0,0,0,200,1,1,40,44240,5392,0,045922
0,0,0,0,200,1,1,40,44240,5592,0,046125
0,0,0,0,200,1,1,40,44240,5792,0,046325
0,0,0,0,200,1,1,40,44240,5992,0,046526
0,0,0,0,200,1,1,40,44240,6192,0,046726
0,0,0,0,200,1,1,40,44240,6392,0,046930
0,0,0,0,200,1,1,40,44240,6592,0,047132
0,0,0,0,200,1,0,40,44240,6712,0,047275
0,0,0,0,200,1,0,40,47206,6754,0,047310
0,0,0,0,200,1,0,40,47236,6787,0,047326
0,0,0,0,200,1,0,40,47236,6987,0,047526
0,0,0,0,200,1,0,40,47236,7187,0,047727
0,0,0,0,200,1,0,40,47236,7387,0,047926
0,0,0,0,200,1,0,40,47236,7587,0,048128
0,0,0,0,200,0,0,40,47236,7708,0,048272
0,0,0,0,200,0,0,40,48201,7749,0,048306
0,0,0,0,200,0,0,40,48231,7782,0,048338
0,0,0,0,200,0,0,40,48231,7982,0,048511
0,0,0,0,200,0,0,40,48231,8182,0,048711
0,0,0,0,200,0,0,40,48231,8382,0,048911
0,0,0,0,200,0,0,40,48231,8582,0,049111
0,0,0,0,200,0,0,40,48231,8782,0,049312
0,0,0,0,200,0,0,40,48231,8982,0,049512
0,0,0,0,200,0,0,40,48231,9182,0,049714
0,0,1,0,200,0,0,40,48231,9296,0,049865
0,0,0,0,200,0,0,40,48231,9298,0,049944
0,0,0,0,200,1,0,30,49866,9414,0,049980
0,0,0,0,200,1,0,30,49894,9446,0,049998
0,0,0,0,200,1,0,30,49894,9646,0,050181
0,0,0,0,200,1,0,30,49894,9846,0,050382
0,0,0,0,200,1,0,30,49894,10046,0,050586
0,0,0,0,200,1,0,30,49894,10246,0,050788
0,0,0,0,200,1,1,30,49894,10420,0,050993
0,0,0,0,200,1,1,30,50922,10471,0,051028
0,0,0,0,200,1,1,30,50953,10505,0,051045
0,0,0,0,200,1,1,30,50953,10705,0,051243
0,0,0,0,200,1,1,30,50953,10905,0,051444
0,0,0,0,200,1,1,30,50953,11105,0,051644
0,0,0,0,200,1,1,30,50953,11305,0,051845
0,0,0,0,200,1,1,30,50953,11505,0,052047
0,0,0,0,200,1,1,30,50953,11705,0,052246
0,0,0,0,200,1,1,30,50953,11905,0,052446
0,0,0,0,200,1,1,30,50953,12105,0,052648
0,0,0,0,200,1,1,30,50953,12305,0,052841
0,0,0,0,200,1,1,30,50953,12505,0,053040
0,0,0,0,200,1,1,30,50953,12705,0,053240
0,0,0,0,200,1,1,30,50953,12905,0,053441
0,0,0,0,200,1,1,30,50953,13105,0,053641
0,0,0,0,200,1,1,30,50953,13305,0,053847
0,0,0,0,200,1,0,30,50953,13430,0,054011
0,0,0,0,200,1,0,30,53931,13480,0,054043
0,0,0,0,200,1,0,30,53963,13514,0,054060
0,0,0,0,200,1,0,30,53963,13714,0,054243
0,0,0,0,200,1,0,30,53963,13914,0,054442
0,0,0,0,200,1,0,30,53963,14114,0,054646
0,0,0,0,200,1,0,30,53963,14314,0,054855
0,0,0,0,200,0,0,30,53963,14420,0,054981
0,0,0,0,200,0,0,30,54910,14458,0,055017
0,0,0,0,200,0,0,30,54940,14493,0,055033
0,0,0,0,200,0,0,30,54940,14693,0,055232
0,0,0,0,200,0,0,30,54940,14893,0,055432
0,0,0,0,200,0,0,30,54940,15093,0,055632
0,0,0,0,200,0,0,30,54940,15293,0,055834
0,0,0,0,200,0,0,30,54940,15493,0,056026
0,0,0,0,200,0,0,30,54940,15693,0,056227
0,0,0,0,200,0,0,30,54940,15893,0,056427
0,0,0,0,200,0,0,30,54940,16093,0,056628
0,0,1,0,200,0,0,30,54940,16152,0,056710
0,0,0,0,200,0,0,30,54940,16154,0,056794
0,0,0,0,200,1,0,20,56711,16261,0,056827
0,0,0,0,200,1,0,20,56741,16293,0,056845
0,0,0,0,200,1,0,20,56741,16493,0,057026
0,0,0,0,200,1,0,20,56741,16693,0,057227
0,0,0,0,200,1,0,20,56741,16893,0,057427
0,0,0,0,200,1,0,20,56741,17093,0,057626
0,0,0,0,200,1,1,20,56741,17260,0,057833
0,0,0,0,200,1,1,20,57762,17311,0,057867
0,0,0,0,200,1,1,20,57793,17345,0,057884
0,0,0,0,200,1,1,20,57793,17545,0,058089
0,0,0,0,200,1,1,20,57793,17745,0,058288
0,0,0,0,200,1,1,20,57793,17945,0,058478
0,0,0,0,200,1,1,20,57793,18145,0,058684
0,0,0,0,200,1,1,20,57793,18345,0,058883
0,0,0,0,200,1,1,20,57793,18545,0,059083
0,0,0,0,200,1,1,20,57793,18745,0,059287
0,0,0,0,200,1,1,20,57793,18945,0,059488
0,0,0,0,200,1,1,20,57793,19145,0,059688
0,0,0,0,200,1,1,20,57793,19345,0,059872
0,0,0,0,200,1,1,20,57793,19545,0,060078
0,0,0,0,200,1,1,20,57793,19745,0,060278
0,0,0,0,200,1,1,20,57793,19945,0,060481
0,0,0,0,200,1,1,20,57793,20145,0,060682
0,0,0,0,200,1,0,20,57793,20264,0,060849
0,0,0,0,200,1,0,20,60767,20316,0,060882
0,0,0,0,200,1,0,20,60798,20350,0,060900
0,0,0,0,200,1,0,20,60798,20550,0,061088
0,0,0,0,200,1,0,20,60798,20750,0,061288
0,0,0,0,200,1,0,20,60798,20950,0,061489
0,0,0,0,200,1,0,20,60798,21150,0,061693
0,0,0,0,200,0,0,20,60798,21275,0,061842
0,0,0,0,200,0,0,20,61770,21318,0,061876
0,0,0,0,200,0,0,20,61801,21353,0,061894
0,0,0,0,200,0,0,20,61801,21553,0,062092
0,0,0,0,200,0,0,20,61801,21753,0,062294
0,0,0,0,200,0,0,20,61801,21953,0,062493
0,0,0,0,200,0,0,20,61801,22153,0,062694
0,0,0,0,200,0,0,20,61801,22353,0,062895
0,0,0,0,200,0,0,20,61801,22553,0,063081
0,0,0,0,200,0,0,20,61801,22753,0,063314
0,0,1,0,200,0,0,20,61801,22789,0,063347
0,0,0,0,200,0,0,20,61801,22791,0,063421
0,0,0,0,200,1,0,10,63347,22898,0,063456
0,0,0,0,200,1,0,10,63378,22931,0,063471
0,0,0,0,200,1,0,10,63378,23131,0,063658
0,0,0,0,200,1,0,10,63378,23331,0,063874
0,0,0,0,200,1,0,10,63378,23531,0,064065
0,0,0,0,200,1,0,10,63378,23731,0,064266
0,0,0,0,200,1,1,10,63378,23899,0,064459
0,0,0,0,200,1,1,10,64388,23937,0,064493
0,0,0,0,200,1,1,10,64418,23970,0,064509
0,0,0,0,200,1,1,10,64418,24170,0,064715
0,0,0,0,200,1,1,10,64418,24370,0,064910
0,0,0,0,200,1,1,10,64418,24570,0,065111
0,0,0,0,200,1,1,10,64418,24770,0,065313
0,0,0,0,200,1,1,10,64418,24970,0,065503
0,0,0,0,200,1,1,10,64418,25170,0,065702
0,0,0,0,200,1,1,10,64418,25370,0,065901
0,0,0,0,200,1,1,10,64418,25570,0,066101
0,0,0,0,200,1,1,10,64418,25771,0,066310
0,0,0,0,200,1,1,10,64418,25971,0,066513
0,0,0,0,200,1,1,10,64418,26171,0,066706
0,0,0,0,200,1,1,10,64418,26371,0,066906
0,0,0,0,200,1,1,10,64418,26571,0,067106
0,0,0,0,200,1,1,10,64418,26771,0,067308
0,0,0,0,200,1,0,10,64418,26906,0,067470
0,0,0,0,200,1,0,10,1859,26944,0,067505
0,0,0,0,200,1,0,10,1891,26979,0,067522
0,0,0,0,200,1,0,10,1891,27179,0,067709
0,0,0,0,200,1,0,10,1891,27379,0,067909
0,0,0,0,200,1,0,10,1891,27579,0,068109
0,0,0,0,200,1,0,10,1891,27779,0,068309
0,0,0,0,200,0,0,10,1891,27909,0,068471
0,0,0,0,200,0,0,10,2861,27945,0,068506
0,0,0,0,200,0,0,10,2892,27980,0,068520
0,0,0,0,200,0,0,10,2892,28180,0,068710
0,0,0,0,200,0,0,10,2892,28380,0,068913
0,0,0,0,200,0,0,10,2892,28580,0,069113
0,0,0,0,200,0,0,10,2892,28780,0,069324
0,0,0,0,200,0,0,10,2892,28980,0,069519
0,0,1,0,200,0,0,10,2892,29140,0,069702
0,0,0,0,200,0,0,10,2892,29143,0,069780
0,0,0,0,200,1,0,0,4166,29252,0,069829
0,0,0,0,200,1,0,0,4196,29284,0,069836
0,0,0,0,200,1,0,0,4196,29484,0,070026
0,0,0,0,200,1,0,0,4196,29684,0,070225
0,0,0,0,200,1,0,0,4196,29884,0,070412
0,0,0,0,200,1,0,0,4196,30084,0,070611
0,0,0,0,200,1,1,0,4196,30260,0,070836
0,0,0,0,200,1,1,0,5222,30306,0,070870
0,0,0,0,200,1,1,0,5252,30340,0,070887
0,0,0,0,200,1,1,0,5252,30540,0,071069
0,0,0,0,200,1,1,0,5252,30740,0,071272
0,0,0,0,200,1,1,0,5252,30940,0,071471
0,0,0,0,200,1,1,0,5252,31140,0,071671
0,0,0,0,200,1,1,0,5252,31340,0,071878
0,0,0,0,200,1,1,0,5252,31540,0,072080
0,0,0,0,200,1,1,0,5252,31740,0,072280
0,0,0,0,200,1,1,0,5252,31940,0,072466
0,0,0,0,200,1,1,0,5252,32140,0,072665
0,0,0,0,200,1,1,0,5252,32340,0,072883
0,0,0,0,200,1,1,0,5252,32540,0,073065
0,0,0,0,200,1,1,0,5252,32740,0,073281
0,0,0,0,200,1,1,0,5252,32940,0,073466
0,0,0,0,200,1,1,0,5252,33140,0,073668
0,0,0,0,200,1,0,0,5252,33265,0,073837
0,0,0,0,200,1,0,0,8229,33313,0,073871
0,0,0,0,200,1,0,0,8260,33347,0,073888
0,0,0,0,200,1,0,0,8260,33547,0,074072
0,0,0,0,200,1,0,0,8260,33747,0,074288
0,0,0,0,200,1,0,0,8260,33947,0,074473
0,0,0,0,200,1,0,0,8260,34147,0,074678
0,0,0,0,200,0,0,0,8260,34260,0,074824
0,0,0,0,200,0,0,0,9217,34300,0,074858
0,0,0,0,200,0,0,0,9247,34334,0,074873
0,0,0,0,200,0,0,0,9247,34534,0,075075
0,0,0,0,200,0,0,0,9247,34734,0,075274
0,0,0,0,200,0,0,0,9247,34934,0,075467
0,0,0,0,200,0,0,0,9247,35134,0,075669
0,0,0,0,200,0,0,0,9247,35334,0,075869
0,0,0,0,200,0,0,0,9247,35534,0,076068
0,0,0,0,200,0,0,0,9247,35734,0,076273
0,0,0,0,200,0,0,0,9247,35934,0,076461
0,0,0,0,200,0,0,0,9247,36134,0,076672
0,0,0,0,200,0,0,0,9247,36334,0,076873
0,0,0,0,200,0,0,0,9247,36534,0,077060
1,0,0,0,200,0,0,0,9247,36732,0,077294
0,0,0,0,200,0,0,0,9247,36734,0,077367
0,0,0,0,200,0,0,20,11758,36845,0,077400
0,0,0,0,200,0,0,20,11789,36877,0,077418
0,0,0,0,200,0,0,20,11789,37078,0,077618
0,0,0,0,200,0,0,20,11789,37278,0,077818
1,0,0,0,200,0,0,20,11789,37454,0,078018
0,0,0,0,200,0,0,20,11789,37456,0,078093
0,0,0,0,200,0,0,40,12482,37569,0,078128
0,0,0,0,200,0,0,40,12513,37601,0,078145
0,0,0,0,200,0,0,40,12513,37801,0,078345
0,0,0,0,200,0,0,40,12513,38001,0,078544
0,0,0,0,200,0,0,40,12513,38201,0,078738
0,0,0,0,200,0,0,40,12513,38401,0,078942
0,0,0,0,200,0,0,40,12513,38601,0,079144
0,0,0,0,200,0,0,40,12513,38801,0,079333
1,0,0,0,200,0,0,40,12513,38932,0,079501
0,0,0,0,200,0,0,40,12513,38934,0,079571
0,0,0,0,200,0,0,60,13965,39052,0,079620
0,0,0,0,200,0,0,60,13996,39084,0,079629
0,0,0,0,200,0,0,60,13996,39284,0,079814
0,0,0,0,200,0,0,60,13996,39484,0,080013
0,0,0,0,200,0,0,60,13996,39684,0,080215
0,0,0,0,200,0,0,60,13996,39884,0,080416
1,0,0,0,200,0,0,60,13996,39982,0,080549
0,0,0,0,200,0,0,60,13996,39984,0,080626
0,0,0,0,200,0,0,80,15013,40099,0,080660
0,0,0,0,200,0,0,80,15043,40131,0,080677
0,0,0,0,200,0,0,80,15043,40331,0,080861
0,0,0,0,200,0,0,80,15043,40531,0,081060
0,0,0,0,200,0,0,80,15043,40731,0,081260
0,0,0,0,200,0,0,80,15043,40931,0,081461
0,0,0,0,200,0,0,80,15043,41131,0,081660
0,0,0,0,200,0,0,80,15043,41331,0,081861
0,0,0,0,200,0,0,80,15043,41531,0,082061
0,0,0,0,200,0,0,80,15043,41731,0,082268
0,0,0,0,200,0,0,80,15043,41931,0,082473
0,0,1,0,200,0,0,80,15043,42018,0,082591
0,0,0,0,200,0,0,80,15043,42020,0,082661
0,0,0,0,200,1,0,70,17055,42141,0,082698
0,0,0,0,200,1,0,70,17086,42174,0,082714
0,0,0,0,200,1,0,70,17086,42374,0,082914
0,0,0,0,200,1,0,70,17086,42574,0,083114
0,0,0,0,200,1,0,70,17086,42774,0,083315
0,0,0,0,200,1,0,70,17086,42974,0,083502
0,0,0,0,200,1,1,70,17086,43152,0,083713
0,0,0,0,200,1,1,70,18105,43190,0,083747
0,0,0,0,200,1,1,70,18137,43225,0,083763
0,0,0,0,200,1,1,70,18137,43425,0,083962
0,0,0,0,200,1,1,70,18137,43625,0,084152
0,0,0,0,200,1,1,70,18137,43825,0,084369
0,0,0,0,200,1,1,70,18137,44025,0,084557
0,0,0,0,200,1,1,70,18137,44225,0,084757
0,0,0,0,200,1,1,70,18137,44425,0,084958
0,0,0,0,200,1,1,70,18137,44625,0,085158
0,0,0,0,200,1,1,70,18137,44825,0,085368
0,0,0,0,200,1,1,70,18137,45025,0,085567
0,0,0,0,200,1,1,70,18137,45225,0,085768
0,0,0,0,200,1,1,70,18137,45425,0,085968
0,0,0,0,200,1,1,70,18137,45625,0,086157
0,0,0,0,200,1,1,70,18137,45825,0,086362
0,0,0,0,200,1,1,70,18137,46025,0,086563
0,0,0,0,200,1,0,70,18137,46145,0,086719
0,0,0,0,200,1,0,70,21101,46185,0,086753
0,0,0,0,200,1,0,70,21132,46220,0,086770
0,0,0,0,200,1,0,70,21132,46420,0,086963
0,0,0,0,200,1,0,70,21132,46620,0,087159
0,0,0,0,200,1,0,70,21132,46820,0,087362
0,0,0,0,200,1,0,70,21132,47020,0,087560
0,0,0,0,200,0,0,70,21132,47143,0,087723
0,0,0,0,200,0,0,70,22105,47190,0,087757
0,0,0,0,200,0,0,70,22135,47224,0,087774
0,0,0,0,200,0,0,70,22135,47424,0,087967
0,0,0,0,200,0,0,70,22135,47624,0,088151
0,0,0,0,200,0,0,70,22135,47824,0,088360
0,0,0,0,200,0,0,70,22135,48024,0,088563
0,0,0,0,200,0,0,70,22135,48224,0,088766
0,0,0,0,200,0,0,70,22135,48424,0,088986
0,0,1,0,200,0,0,70,22135,48461,0,089018
0,0,0,0,200,0,0,70,22135,48463,0,089092
0,0,0,0,200,1,0,60,23482,48570,0,089127
0,0,0,0,200,1,0,60,23513,48602,0,089145
0,0,0,0,200,1,0,60,23513,48802,0,089342
0,0,0,0,200,1,0,60,23513,49002,0,089544
0,0,0,0,200,1,0,60,23513,49202,0,089743
0,0,0,0,200,1,0,60,23513,49402,0,089943
0,0,0,0,200,1,1,60,23513,49575,0,090139
0,0,0,0,200,1,1,60,24531,49615,0,090175
0,0,0,0,200,1,1,60,24562,49650,0,090191
0,0,0,0,200,1,1,60,24562,49850,0,090390
0,0,0,0,200,1,1,60,24562,50050,0,090590
0,0,0,0,200,1,1,60,24562,50250,0,090792
0,0,0,0,200,1,1,60,24562,50450,0,090992
0,0,0,0,200,1,1,60,24562,50650,0,091191
0,0,0,0,200,1,1,60,24562,50850,0,091392
0,0,0,0,200,1,1,60,24562,51050,0,091593
0,0,0,0,200,1,1,60,24562,51250,0,091791
0,0,0,0,200,1,1,60,24562,51450,0,091978
0,0,0,0,200,1,1,60,24562,51650,0,092189
0,0,0,0,200,1,1,60,24562,51850,0,092390
0,0,0,0,200,1,1,60,24562,52050,0,092587
0,0,0,0,200,1,1,60,24562,52250,0,092795
0,0,0,0,200,1,1,60,24562,52450,0,092978
0,0,0,0,200,1,0,60,24562,52578,0,093151
0,0,0,0,200,1,0,60,27532,52617,0,093186
0,0,0,0,200,1,0,60,27562,52651,0,093203
0,0,0,0,200,1,0,60,27562,52851,0,093389
0,0,0,0,200,1,0,60,27562,53051,0,093591
0,0,0,0,200,1,0,60,27562,53251,0,093792
0,0,0,0,200,1,0,60,27562,53451,0,093998
0,0,0,0,200,0,0,60,27562,53576,0,094139
0,0,0,0,200,0,0,60,28531,53616,0,094173
0,0,0,0,200,0,0,60,28562,53650,0,094191
0,0,0,0,200,0,0,60,28562,53850,0,094391
0,0,0,0,200,0,0,60,28562,54050,0,094591
0,0,0,0,200,0,0,60,28562,54250,0,094777
0,0,0,0,200,0,0,60,28562,54450,0,094978
0,0,1,0,200,0,0,60,28562,54632,0,095199
0,0,0,0,200,0,0,60,28562,54634,0,095270
0,0,0,0,200,1,0,50,29664,54750,0,095321
0,0,0,0,200,1,0,50,29694,54782,0,095337
0,0,0,0,200,1,0,50,29694,54982,0,095530
0,0,0,0,200,1,0,50,29694,55182,0,095723
0,0,0,0,200,1,0,50,29694,55382,0,095924
0,0,0,0,200,1,0,50,29694,55582,0,096123
0,0,0,0,200,1,1,50,29694,55754,0,096329
0,0,0,0,200,1,1,50,30721,55806,0,096363
0,0,0,0,200,1,1,50,30752,55840,0,096381
0,0,0,0,200,1,1,50,30752,56040,0,096569
0,0,0,0,200,1,1,50,30752,56240,0,096771
0,0,0,0,200,1,1,50,30752,56440,0,096972
0,0,0,0,200,1,1,50,30752,56640,0,097172
0,0,0,0,200,1,1,50,30752,56840,0,097371
0,0,0,0,200,1,1,50,30752,57040,0,097572
0,0,0,0,200,1,1,50,30752,57240,0,097772
0,0,0,0,200,1,1,50,30752,57440,0,097977
0,0,0,0,200,1,1,50,30752,57640,0,098176
0,0,0,0,200,1,1,50,30752,57840,0,098377
0,0,0,0,200,1,1,50,30752,58040,0,098577
0,0,0,0,200,1,1,50,30752,58240,0,098776
0,0,0,0,200,1,1,50,30752,58440,0,098981
0,0,0,0,200,1,1,50,30752,58640,0,099182
0,0,0,0,200,1,0,50,30752,58765,0,099337
0,0,0,0,200,1,0,50,33729,58814,0,099372
0,0,0,0,200,1,0,50,33760,58848,0,099389
0,0,0,0,200,1,0,50,33760,59048,0,099591
0,0,0,0,200,1,0,50,33760,59248,0,099791
0,0,0,0,200,1,0,50,33760,59448,0,099980
0,0,0,0,200,1,0,50,33760,59648,0,0100178
0,0,0,0,200,0,0,50,33760,59762,0,0100391
0,0,0,0,200,0,0,50,34717,59803,0,0100411
0,0,0,0,200,0,0,50,34783,59869,0,0100427
0,0,0,0,200,0,0,50,34783,60069,0,0100611
0,0,0,0,200,0,0,50,34783,60269,0,0100801
0,0,0,0,200,0,0,50,34783,60469,0,0101003
0,0,0,0,200,0,0,50,34783,60669,0,0101204
0,0,0,0,200,0,0,50,34783,60869,0,0101404
0,0,0,0,200,0,0,50,34783,61069,0,0101607
0,0,0,0,200,0,0,50,34783,61270,0,0101825
0,0,1,0,200,0,0,50,34783,61273,0,0101858
0,0,0,0,200,0,0,50,34783,61278,0,0101996
0,0,0,0,200,1,0,40,36322,61410,0,0102014
0,0,0,0,200,1,0,40,36388,61473,0,0102030
0,0,0,0,200,1,0,40,36388,61673,0,0102213
0,0,0,0,200,1,0,40,36388,61873,0,0102414
0,0,0,0,200,1,0,40,36388,62073,0,0102613
0,0,0,0,200,1,0,40,36388,62273,0,0102813
0,0,0,0,200,1,1,40,36388,62413,0,0103074
0,0,0,0,200,1,1,40,37402,62487,0,0103092
0,0,0,0,200,1,1,40,37467,62553,0,0103109
0,0,0,0,200,1,1,40,37467,62753,0,0103284
0,0,0,0,200,1,1,40,37467,62953,0,0103485
0,0,0,0,200,1,1,40,37467,63153,0,0103687
0,0,0,0,200,1,1,40,37467,63353,0,0103886
0,0,0,0,200,1,1,40,37467,63553,0,0104093
0,0,0,0,200,1,1,40,37467,63753,0,0104292
0,0,0,0,200,1,1,40,37467,63953,0,0104492
0,0,0,0,200,1,1,40,37467,64153,0,0104689
0,0,0,0,200,1,1,40,37467,64353,0,0104880
0,0,0,0,200,1,1,40,37467,64553,0,0105084
0,0,0,0,200,1,1,40,37467,64753,0,0105283
0,0,0,0,200,1,1,40,37467,64953,0,0105488
0,0,0,0,200,1,1,40,37467,65153,0,0105689
0,0,0,0,200,1,1,40,37467,65353,0,0105951
0,0,0,0,200,1,0,40,37467,65423,0,0106090
0,0,0,0,200,1,0,40,40416,65502,0,0106106
0,0,0,0,200,1,0,40,40481,30,0,0106124
0,0,0,0,200,1,0,40,40481,230,0,0106292
0,0,0,0,200,1,0,40,40481,430,0,0106491
0,0,0,0,200,1,0,40,40481,630,0,0106691
0,0,0,0,200,1,0,40,40481,830,0,0106931
0,0,0,0,200,0,0,40,40481,872,0,0107012
0,0,0,0,200,0,0,40,41395,943,0,0107045
0,0,0,0,200,0,0,40,41425,976,0,0107064
0,0,0,0,200,0,0,40,41425,1176,0,0107251
0,0,0,0,200,0,0,40,41425,1376,0,0107451
0,0,0,0,200,0,0,40,41425,1576,0,0107653
0,0,0,0,200,0,0,40,41425,1776,0,0107849
0,0,0,0,200,0,0,40,41425,1976,0,0108054
0,0,0,0,200,0,0,40,41425,2176,0,0108238
0,0,0,0,200,0,0,40,41425,2376,0,0108445
0,0,0,0,200,0,0,40,41425,2576,0,0108647
0,0,0,0,200,0,0,40,41425,2776,0,0108854
0,0,0,0,200,0,0,40,41425,2976,0,0109038
0,0,0,0,200,0,0,40,41425,3176,0,0109242
0,0,0,0,200,0,0,40,41425,3376,0,0109440
0,0,0,0,200,0,0,40,41425,3576,0,0109642
0,0,0,0,200,0,0,40,41425,3776,0,0109844
0,0,0,0,200,0,0,40,41425,3976,0,0110049
0,0,0,0,200,0,0,40,41425,4176,0,0110246
0,0,0,0,200,0,0,40,41425,4376,0,0110447
0,0,0,0,200,0,0,40,41425,4576,0,0110646
0,0,0,0,200,0,0,40,41425,4776,0,0110854
0,0,0,0,200,0,0,40,41425,4976,0,0111052
0,0,0,0,200,0,0,40,41425,5176,0,0111243
0,0,0,0,200,0,0,40,41425,5376,0,0111442
0,0,0,0,200,0,0,40,41425,5576,0,0111645
