0,0,0449,0,08999
40,41425,29849,0,09015
0,0,0,0,200,0,0,40,41425,30049,0,09030
0,0,0,0,200,0,0,40,41425,30249,0,09049
0,0,0,0,200,0,0,40,41425,30449,0,09066
40,41425,29849,0,09082
0,0,0,0,200,0,0,40,41425,30049,0,09101
0,0,0,0,200,0,0,40,41425,30249,0,09117
0,0,0,0,200,0,0,40,41425,30449,0,09135
0,0,0,1,200,0,0,0,0,1603,0,012220
0,0,0,0,200,0,0,0,0,1605,0,012253
0,0,0,0,200,0,0,0,0,1805,0,012420
0,0,0,0,200,0,0,0,0,2006,0,012621
0,0,0,0,200,0,0,0,0,2206,0,012823
0,0,0,0,200,0,0,0,0,2406,0,013024
0,0,0,0,200,0,0,0,0,2606,0,013223
0,0,0,0,200,0,0,0,0,2806,0,013425
0,0,0,0,200,0,0,0,0,3006,0,013624
0,0,0,0,200,0,0,0,0,3206,0,013825
0,0,0,0,200,0,0,0,0,3406,0,014024
0,0,0,0,200,0,0,0,0,3606,0,014224
0,0,0,0,200,0,0,0,0,3806,0,014424
0,0,0,0,200,0,0,0,0,4006,0,014624
0,0,0,0,200,0,0,0,0,4206,0,014825
0,0,0,0,200,0,0,0,0,4406,0,015024
0,0,0,0,200,0,0,0,0,4606,0,015224
0,0,0,0,200,0,0,0,0,4806,0,015424
0,0,0,0,200,0,0,0,0,5006,0,015624
0,0,0,0,200,0,0,0,0,5206,0,015824
0,0,0,0,200,0,0,0,0,5406,0,016023
0,0,0,0,200,0,0,0,0,5606,0,016224
0,0,0,0,200,0,0,0,0,5806,0,016425
0,0,0,0,200,0,0,0,0,6006,0,016674
0,0,0,0,200,0,0,20,16591,6048,0,016691
0,0,0,0,200,0,0,20,16622,6081,0,016708
0,0,0,0,200,0,0,20,16622,6281,0,016907
0,0,0,0,200,0,0,20,16622,6481,0,017106
0,0,0,0,200,0,0,20,16622,6681,0,017307
0,0,0,0,200,0,0,20,16622,6881,0,017510
0,0,0,0,200,0,0,40,17544,7001,0,017627
0,0,0,0,200,0,0,40,17575,7033,0,017662
0,0,0,0,200,0,0,40,17575,7233,0,017862
0,0,0,0,200,0,0,40,17575,7433,0,018064
0,0,0,0,200,0,0,40,17575,7633,0,018268
0,0,0,0,200,0,0,60,18317,7772,0,018406
0,0,0,0,200,0,0,60,18347,7803,0,018440
0,0,0,0,200,0,0,60,18347,8003,0,018640
0,0,0,0,200,0,0,60,18347,8203,0,018840
0,0,0,0,200,0,0,60,18347,8403,0,019040
0,0,0,0,200,0,0,60,18347,8603,0,019239
0,0,0,0,200,0,0,60,18347,8803,0,019442
0,0,0,0,200,0,0,60,18347,9003,0,019641
0,0,0,0,200,0,0,60,18347,9203,0,019828
0,0,0,0,200,1,0,50,19759,9211,0,019880
0,0,0,0,200,1,0,50,19790,9244,0,019914
0,0,0,0,200,1,0,50,19790,9444,0,020081
0,0,0,0,200,1,0,50,19790,9644,0,020280
0,0,0,0,200,1,0,50,19790,9844,0,020482
0,0,0,0,200,1,0,50,19790,10044,0,020683
0,0,0,0,200,1,1,50,19790,10216,0,020878
0,0,0,0,200,1,1,50,20805,10256,0,020897
0,0,0,0,200,1,1,50,20837,10291,0,020929
0,0,0,0,200,1,1,50,20837,10491,0,021130
0,0,0,0,200,1,1,50,20837,10691,0,021331
0,0,0,0,200,1,1,50,20837,10891,0,021530
0,0,0,0,200,1,1,50,20837,11091,0,021730
0,0,0,0,200,1,1,50,20837,11291,0,021932
0,0,0,0,200,1,1,50,20837,11491,0,022132
0,0,0,0,200,1,1,50,20837,11691,0,022332
0,0,0,0,200,1,1,50,20837,11891,0,022520
0,0,0,0,200,1,1,50,20837,12091,0,022721
0,0,0,0,200,1,1,50,20837,12291,0,022921
0,0,0,0,200,1,1,50,20837,12491,0,023126
0,0,0,0,200,1,1,50,20837,12691,0,023326
0,0,0,0,200,1,1,50,20837,12891,0,023526
0,0,0,0,200,1,1,50,20837,13091,0,023728
0,0,0,0,200,1,0,50,20837,13212,0,023884
0,0,0,0,200,1,0,50,23813,13260,0,023901
0,0,0,0,200,1,0,50,23844,13294,0,023935
0,0,0,0,200,1,0,50,23844,13494,0,024135
0,0,0,0,200,1,0,50,23844,13694,0,024335
0,0,0,0,200,1,0,50,23844,13894,0,024536
0,0,0,0,200,1,0,50,23844,14094,0,024734
0,0,0,0,200,0,0,50,23844,14214,0,024886
0,0,0,0,200,0,0,50,24814,14260,0,024904
0,0,0,0,200,0,0,50,24845,14295,0,024940
0,0,0,0,200,0,0,50,24845,14495,0,025140
0,0,0,0,200,0,0,50,24845,14695,0,025325
0,0,0,0,200,0,0,50,24845,14895,0,025577
0,0,0,0,200,1,0,40,25493,14941,0,025593
0,0,0,0,200,1,0,40,25524,14972,0,025628
0,0,0,0,200,1,0,40,25524,15172,0,025811
0,0,0,0,200,1,0,40,25524,15372,0,026011
0,0,0,0,200,1,0,40,25524,15572,0,026211
0,0,0,0,200,1,0,40,25524,15772,0,026414
0,0,0,0,200,1,1,40,25524,15940,0,026611
0,0,0,0,200,1,1,40,26539,15983,0,026628
0,0,0,0,200,1,1,40,26570,16017,0,026663
0,0,0,0,200,1,1,40,26570,16217,0,026864
0,0,0,0,200,1,1,40,26570,16417,0,027050
0,0,0,0,200,1,1,40,26570,16617,0,027255
0,0,0,0,200,1,1,40,26570,16817,0,027455
0,0,0,0,200,1,1,40,26570,17017,0,027655
0,0,0,0,200,1,1,40,26570,17217,0,027855
0,0,0,0,200,1,1,40,26570,17417,0,028060
0,0,0,0,200,1,1,40,26570,17617,0,028261
0,0,0,0,200,1,1,40,26570,17817,0,028461
0,0,0,0,200,1,1,40,26570,18017,0,028661
0,0,0,0,200,1,1,40,26570,18217,0,028860
0,0,0,0,200,1,1,40,26570,18417,0,029063
0,0,0,0,200,1,1,40,26570,18617,0,029261
0,0,0,0,200,1,1,40,26570,18817,0,029463
0,0,0,0,200,1,0,40,26570,18935,0,029607
0,0,0,0,200,1,0,40,29535,18976,0,029624
0,0,0,0,200,1,0,40,29566,19010,0,029669
0,0,0,0,200,1,0,40,29566,19210,0,029847
0,0,0,0,200,1,0,40,29566,19410,0,030064
0,0,0,0,200,1,0,40,29566,19610,0,030264
0,0,0,0,200,1,0,40,29566,19810,0,030465
0,0,0,0,200,0,0,40,29566,19939,0,030610
0,0,0,0,200,0,0,40,30537,19977,0,030629
0,0,0,0,200,0,0,40,30568,20011,0,030664
0,0,0,0,200,0,0,40,30568,20211,0,030864
0,0,0,0,200,0,0,40,30568,20411,0,031049
0,0,0,0,200,0,0,40,30568,20611,0,031251
0,0,0,0,200,0,0,40,30568,20811,0,031450
0,0,0,0,200,0,0,40,30568,21011,0,031651
0,0,0,0,200,1,0,30,31717,21157,0,031801
0,0,0,0,200,1,0,30,31749,21190,0,031835
0,0,0,0,200,1,0,30,31749,21390,0,032035
0,0,0,0,200,1,0,30,31749,21590,0,032237
0,0,0,0,200,1,0,30,31749,21790,0,032439
0,0,0,0,200,1,0,30,31749,21990,0,032639
0,0,0,0,200,1,1,30,31749,22162,0,032847
0,0,0,0,200,1,1,30,32774,22212,0,032867
0,0,0,0,200,1,1,30,32805,22246,0,032898
0,0,0,0,200,1,1,30,32805,22446,0,033098
0,0,0,0,200,1,1,30,32805,22646,0,033299
0,0,0,0,200,1,1,30,32805,22846,0,033501
0,0,0,0,200,1,1,30,32805,23046,0,033685
0,0,0,0,200,1,1,30,32805,23246,0,033903
0,0,0,0,200,1,1,30,32805,23446,0,034086
0,0,0,0,200,1,1,30,32805,23646,0,034288
0,0,0,0,200,1,1,30,32805,23846,0,034488
0,0,0,0,200,1,1,30,32805,24046,0,034688
0,0,0,0,200,1,1,30,32805,24246,0,034889
0,0,0,0,200,1,1,30,32805,24446,0,035095
0,0,0,0,200,1,1,30,32805,24646,0,035297
0,0,0,0,200,1,1,30,32805,24846,0,035495
0,0,0,0,200,1,1,30,32805,25046,0,035697
0,0,0,0,200,1,0,30,32805,25164,0,035841
0,0,0,0,200,1,0,30,35770,25204,0,035859
0,0,0,0,200,1,0,30,35801,25238,0,035892
0,0,0,0,200,1,0,30,35801,25438,0,036104
0,0,0,0,200,1,0,30,35801,25638,0,036298
0,0,0,0,200,1,0,30,35801,25838,0,036497
0,0,0,0,200,1,0,30,35801,26038,0,036700
0,0,0,0,200,0,0,30,35801,26149,0,036831
0,0,0,0,200,0,0,30,36758,26191,0,036848
0,0,0,0,200,0,0,30,36789,26225,0,036882
0,0,0,0,200,0,0,30,36789,26425,0,037083
0,0,0,0,200,0,0,30,36789,26625,0,037282
0,0,0,0,200,0,0,30,36789,26825,0,037483
0,0,0,0,200,0,0,30,36789,27025,0,037682
0,0,0,0,200,0,0,30,36789,27225,0,037883
0,0,0,0,200,0,0,30,36789,27425,0,038083
0,0,0,0,200,0,0,30,36789,27625,0,038282
0,0,0,0,200,0,0,30,36789,27825,0,038482
0,0,0,0,200,0,0,30,36789,28025,0,038683
0,0,0,0,200,0,0,30,36789,28225,0,038872
0,0,0,0,200,0,0,30,36789,28425,0,039075
0,0,0,0,200,0,0,30,36789,28625,0,039277
0,0,0,0,200,0,0,30,36789,28825,0,039475
0,0,0,0,200,0,0,30,36789,29025,0,039675
0,0,0,0,200,0,0,30,36789,29225,0,039874
0,0,0,0,200,0,0,30,36789,29425,0,040074
0,0,0,0,200,0,0,30,36789,29625,0,040287
0,0,0,0,200,0,0,30,36789,29825,0,040475
0,0,0,0,200,0,0,30,36789,30025,0,040674
0,0,0,0,200,0,0,30,36789,30225,0,040875
0,0,0,0,200,0,0,30,36789,30425,0,041075
0,0,0,0,200,0,0,30,36789,30625,0,041278
0,0,0,0,200,0,0,30,36789,30825,0,041483
0,0,0,0,200,0,0,30,36789,31025,0,041682
0,0,0,0,200,0,0,30,36789,31225,0,041883
0,0,0,0,200,0,0,30,36789,31425,0,042084
0,0,0,0,200,0,0,30,36789,31625,0,042284
0,0,0,0,200,0,0,30,36789,31825,0,042483
0,0,0,0,200,0,0,30,36789,32025,0,042685
0,0,0,0,200,0,0,30,36789,32225,0,042885
0,0,0,0,200,0,0,30,36789,32425,0,043085
0,0,0,0,200,0,0,30,36789,32625,0,043288
0,0,0,0,200,0,0,30,36789,32825,0,043488
0,0,0,0,200,0,0,30,36789,33025,0,043688
0,0,0,0,200,0,0,30,36789,33225,0,043888
0,0,0,0,200,0,0,30,36789,33425,0,044090
0,0,0,0,200,0,0,30,36789,33625,0,044290
0,0,0,0,200,0,0,30,36789,33825,0,044489
0,0,0,0,200,0,0,30,36789,34025,0,044690
0,0,0,0,200,0,0,30,36789,34225,0,044889
0,0,0,0,200,0,0,30,36789,34425,0,045091
0,0,0,0,200,0,0,30,36789,34625,0,045294
0,0,0,0,200,0,0,30,36789,34825,0,045483
0,0,0,0,200,0,0,30,36789,35025,0,045686
0,0,0,0,200,0,0,30,36789,35225,0,045888
0,0,0,0,200,0,0,30,36789,35425,0,046089
0,0,0,0,200,0,0,30,36789,35625,0,046289
0,0,0,0,200,0,0,30,36789,35825,0,046488
0,0,0,0,200,0,0,30,36789,36025,0,046689
0,0,0,0,200,0,0,30,36789,36225,0,046889
0,0,0,0,200,0,0,30,36789,36425,0,047088
0,0,0,0,200,0,0,30,36789,36625,0,047298
0,0,0,0,200,0,0,30,36789,36825,0,047488
0,0,0,0,200,0,0,30,36789,37025,0,047688
0,0,0,0,200,0,0,30,36789,37225,0,047889
0,0,0,0,200,0,0,30,36789,37425,0,048088
0,0,0,0,200,0,0,30,36789,37625,0,048287
0,0,0,0,200,0,0,30,36789,37825,0,048487
0,0,0,0,200,0,0,30,36789,38025,0,048688
0,0,0,0,200,0,0,30,36789,38225,0,048887
0,0,0,0,200,0,0,30,36789,38425,0,049089
0,0,0,0,200,0,0,30,36789,38625,0,049287
0,0,0,0,200,0,0,30,36789,38825,0,049487
0,0,0,0,200,0,0,30,36789,39025,0,049687
0,0,0,0,200,0,0,30,36789,39225,0,049888
0,0,0,0,200,0,0,30,36789,39425,0,050090
0,0,0,0,200,0,0,30,36789,39625,0,050288
0,0,0,0,200,0,0,30,36789,39825,0,050490
0,0,0,0,200,0,0,30,36789,40025,0,050690
0,0,0,0,200,0,0,30,36789,40225,0,050890
0,0,0,0,200,0,0,30,36789,40425,0,051090
0,0,0,0,200,0,0,30,36789,40625,0,051290
0,0,0,0,200,0,0,30,36789,40825,0,051488
0,0,0,0,200,0,0,30,36789,41025,0,051689
0,0,0,0,200,0,0,30,36789,41225,0,051890
0,0,0,0,200,0,0,30,36789,41425,0,052089
0,0,0,0,200,0,0,30,36789,41625,0,052289
0,0,0,0,200,0,0,30,36789,41825,0,052489
0,0,0,0,200,0,0,30,36789,42025,0,052691
0,0,0,0,200,0,0,30,36789,42225,0,052891
0,0,0,0,200,0,0,30,36789,42425,0,053091
0,0,0,0,200,0,0,30,36789,42625,0,053294
0,0,0,0,200,0,0,30,36789,42825,0,053493
0,0,0,0,200,0,0,30,36789,43025,0,053695
0,0,0,0,200,0,0,30,36789,43225,0,053889
0,0,0,0,200,0,0,30,36789,43425,0,054094
0,0,0,0,200,1,0,20,54022,43438,0,054130
0,0,0,0,200,1,0,20,54053,43470,0,054178
0,0,0,0,200,1,0,20,54053,43670,0,054344
0,0,0,0,200,1,0,20,54053,43870,0,054547
0,0,0,0,200,1,0,20,54053,44070,0,054750
0,0,0,0,200,1,0,20,54053,44270,0,054950
0,0,0,0,200,1,1,20,54053,44444,0,055143
0,0,0,0,200,1,1,20,55069,44481,0,055161
0,0,0,0,200,1,1,20,55100,44516,0,055194
0,0,0,0,200,1,1,20,55100,44716,0,055394
0,0,0,0,200,1,1,20,55100,44916,0,055593
0,0,0,0,200,1,1,20,55100,45116,0,055795
0,0,0,0,200,1,1,20,55100,45316,0,055997
0,0,0,0,200,1,1,20,55100,45516,0,056182
0,0,0,0,200,1,1,20,55100,45716,0,056399
0,0,0,0,200,1,1,20,55100,45916,0,056582
0,0,0,0,200,1,1,20,55100,46116,0,056799
0,0,0,0,200,1,1,20,55100,46316,0,056985
0,0,0,0,200,1,1,20,55100,46516,0,057190
0,0,0,0,200,1,1,20,55100,46716,0,057388
0,0,0,0,200,1,1,20,55100,46916,0,057590
0,0,0,0,200,1,1,20,55100,47116,0,057789
0,0,0,0,200,1,1,20,55100,47316,0,057988
0,0,0,0,200,1,0,20,55100,47431,0,058144
0,0,0,0,200,1,0,20,58072,47482,0,058161
0,0,0,0,200,1,0,20,58104,47516,0,058195
0,0,0,0,200,1,0,20,58104,47716,0,058395
0,0,0,0,200,1,0,20,58104,47916,0,058596
0,0,0,0,200,1,0,20,58104,48116,0,058796
0,0,0,0,200,1,0,20,58104,48316,0,058995
0,0,0,0,200,0,0,20,58104,48436,0,059146
0,0,0,0,200,0,0,20,59075,48483,0,059165
0,0,0,0,200,0,0,20,59105,48517,0,059198
0,0,0,0,200,0,0,20,59105,48717,0,059397
0,0,0,0,200,0,0,20,59105,48917,0,059598
0,0,0,0,200,0,0,20,59105,49117,0,059798
0,0,0,0,200,0,0,20,59105,49317,0,059999
0,0,0,0,200,0,0,20,59105,49517,0,060198
0,0,0,0,200,0,0,20,59105,49717,0,060398
0,0,0,0,200,0,0,20,59105,49917,0,060599
0,0,0,0,200,0,0,20,59105,50117,0,060799
0,0,0,0,200,0,0,20,59105,50317,0,061002
0,0,0,0,200,0,0,20,59105,50518,0,061202
0,0,0,0,200,0,0,20,59105,50718,0,061405
0,0,0,0,200,0,0,20,59105,50918,0,061604
0,0,0,0,200,0,0,20,59105,51118,0,061807
0,0,0,0,200,0,0,20,59105,51318,0,062007
0,0,0,0,200,0,0,20,59105,51518,0,062194
0,0,0,0,200,0,0,20,59105,51718,0,062394
0,0,0,0,200,0,0,20,59105,51918,0,062594
0,0,0,0,200,0,0,20,59105,52118,0,062794
0,0,0,0,200,0,0,20,59105,52318,0,062994
0,0,0,0,200,0,0,20,59105,52518,0,063199
0,0,0,0,200,0,0,40,63127,52533,0,063233
0,0,0,0,200,0,0,40,63158,52566,0,063283
0,0,0,0,200,0,0,40,63158,52766,0,063451
0,0,0,0,200,0,0,40,63158,52966,0,063651
0,0,0,0,200,0,0,40,63158,53166,0,063891
0,0,0,0,200,0,0,60,63818,53223,0,063909
0,0,0,0,200,0,0,60,63849,53255,0,063945
0,0,0,0,200,0,0,60,63849,53455,0,064132
0,0,0,0,200,0,0,60,63849,53655,0,064331
0,0,0,0,200,0,0,60,63849,53855,0,064532
0,0,0,0,200,0,0,60,63849,54055,0,064732
0,0,0,0,200,0,0,60,63849,54255,0,064931
0,0,0,0,200,0,0,60,63849,54455,0,065133
0,0,0,0,200,0,0,60,63849,54656,0,065349
0,0,0,0,200,0,0,60,63849,54856,0,065549
0,0,0,0,200,1,0,50,79,55018,0,065699
0,0,0,0,200,1,0,50,110,55050,0,065733
0,0,0,0,200,1,0,50,110,55250,0,065933
0,0,0,0,200,1,0,50,110,55450,0,066132
0,0,0,0,200,1,0,50,110,55650,0,066334
0,0,0,0,200,1,0,50,110,55851,0,066535
0,0,0,0,200,1,1,50,110,56016,0,066727
0,0,0,0,200,1,1,50,1118,56053,0,066747
0,0,0,0,200,1,1,50,1149,56087,0,066782
0,0,0,0,200,1,1,50,1149,56287,0,066968
0,0,0,0,200,1,1,50,1149,56487,0,067169
0,0,0,0,200,1,1,50,1149,56687,0,067366
0,0,0,0,200,1,1,50,1149,56887,0,067566
0,0,0,0,200,1,1,50,1149,57088,0,067766
0,0,0,0,200,1,1,50,1149,57288,0,067968
0,0,0,0,200,1,1,50,1149,57488,0,068168
0,0,0,0,200,1,1,50,1149,57688,0,068368
0,0,0,0,200,1,1,50,1149,57888,0,068587
0,0,0,0,200,1,1,50,1149,58088,0,068768
0,0,0,0,200,1,1,50,1149,58288,0,068969
0,0,0,0,200,1,1,50,1149,58488,0,069170
0,0,0,0,200,1,1,50,1149,58688,0,069374
0,0,0,0,200,1,1,50,1149,58888,0,069573
0,0,0,0,200,1,0,50,1149,59019,0,069742
0,0,0,0,200,1,0,50,4125,59056,0,069759
0,0,0,0,200,1,0,50,4156,59090,0,069778
0,0,0,0,200,1,0,50,4156,59290,0,069976
0,0,0,0,200,1,0,50,4156,59490,0,070177
0,0,0,0,200,1,0,50,4156,59691,0,070378
0,0,0,0,200,1,0,50,4156,59891,0,070579
0,0,0,0,200,0,0,50,4156,60023,0,070741
0,0,0,0,200,0,0,50,5130,60061,0,070758
0,0,0,0,200,0,0,50,5161,60095,0,070791
0,0,0,0,200,0,0,50,5161,60295,0,070981
0,0,0,0,200,0,0,50,5161,60495,0,071188
0,0,0,0,200,0,0,50,5161,60695,0,071382
0,0,0,0,200,1,0,40,5846,60779,0,071465
0,0,0,0,200,1,0,40,5877,60811,0,071498
0,0,0,0,200,1,0,40,5877,61011,0,071698
0,0,0,0,200,1,0,40,5877,61211,0,071902
0,0,0,0,200,1,0,40,5877,61411,0,072102
0,0,0,0,200,1,0,40,5877,61611,0,072304
0,0,0,0,200,1,1,40,5877,61780,0,072503
0,0,0,0,200,1,1,40,6901,61828,0,072522
0,0,0,0,200,1,1,40,6929,61859,0,072556
0,0,0,0,200,1,1,40,6929,62059,0,072757
0,0,0,0,200,1,1,40,6929,62259,0,072955
0,0,0,0,200,1,1,40,6929,62459,0,073156
0,0,0,0,200,1,1,40,6929,62659,0,073357
0,0,0,0,200,1,1,40,6929,62859,0,073556
0,0,0,0,200,1,1,40,6929,63059,0,073756
0,0,0,0,200,1,1,40,6929,63259,0,073957
0,0,0,0,200,1,1,40,6929,63459,0,074157
0,0,0,0,200,1,1,40,6929,63659,0,074359
0,0,0,0,200,1,1,40,6929,63859,0,074544
0,0,0,0,200,1,1,40,6929,64059,0,074744
0,0,0,0,200,1,1,40,6929,64259,0,074962
0,0,0,0,200,1,1,40,6929,64459,0,075161
0,0,0,0,200,1,1,40,6929,64659,0,075363
0,0,0,0,200,1,0,40,6929,64783,0,075504
0,0,0,0,200,1,0,40,9899,64823,0,075523
0,0,0,0,200,1,0,40,9928,64856,0,075554
0,0,0,0,200,1,0,40,9928,65056,0,075754
0,0,0,0,200,1,0,40,9928,65256,0,075957
0,0,0,0,200,1,0,40,9928,65456,0,076141
0,0,0,0,200,1,0,40,9928,120,0,076353
0,0,0,0,200,0,0,40,9928,240,0,076494
0,0,0,0,200,0,0,40,10888,276,0,076512
0,0,0,0,200,0,0,40,10918,309,0,076546
0,0,0,0,200,0,0,40,10918,509,0,076746
0,0,0,0,200,0,0,40,10918,709,0,076947
0,0,0,0,200,0,0,40,10918,909,0,077150
0,0,0,0,200,0,0,40,10918,1110,0,077351
0,0,0,0,200,1,0,30,11864,1252,0,077488
0,0,0,0,200,1,0,30,11894,1284,0,077521
0,0,0,0,200,1,0,30,11894,1484,0,077721
0,0,0,0,200,1,0,30,11894,1684,0,077922
0,0,0,0,200,1,0,30,11894,1884,0,078124
0,0,0,0,200,1,0,30,11894,2084,0,078322
0,0,0,0,200,1,1,30,11894,2255,0,078516
0,0,0,0,200,1,1,30,12908,2293,0,078534
0,0,0,0,200,1,1,30,12938,2327,0,078569
0,0,0,0,200,1,1,30,12938,2527,0,078771
0,0,0,0,200,1,1,30,12938,2727,0,078971
0,0,0,0,200,1,1,30,12938,2927,0,079153
0,0,0,0,200,1,1,30,12938,3127,0,079353
0,0,0,0,200,1,1,30,12938,3328,0,079554
0,0,0,0,200,1,1,30,12938,3528,0,079757
0,0,0,0,200,1,1,30,12938,3728,0,079959
0,0,0,0,200,1,1,30,12938,3928,0,080168
0,0,0,0,200,1,1,30,12938,4128,0,080369
0,0,0,0,200,1,1,30,12938,4328,0,080571
0,0,0,0,200,1,1,30,12938,4528,0,080772
0,0,0,0,200,1,1,30,12938,4728,0,080961
0,0,0,0,200,1,1,30,12938,4928,0,081162
0,0,0,0,200,1,1,30,12938,5128,0,081362
0,0,0,0,200,1,0,30,12938,5258,0,081518
0,0,0,0,200,1,0,30,15912,5294,0,081536
0,0,0,0,200,1,0,30,15942,5327,0,081568
0,0,0,0,200,1,0,30,15942,5527,0,081770
0,0,0,0,200,1,0,30,15942,5727,0,081971
0,0,0,0,200,1,0,30,15942,5927,0,082172
0,0,0,0,200,1,0,30,15942,6127,0,082372
0,0,0,0,200,0,0,30,15942,6250,0,082515
0,0,0,0,200,0,0,30,16909,6290,0,082535
0,0,0,0,200,0,0,30,16939,6324,0,082567
0,0,0,0,200,0,0,30,16939,6524,0,082767
0,0,0,0,200,0,0,30,16939,6724,0,082966
0,0,0,0,200,0,0,30,16939,6924,0,083169
0,0,0,0,200,0,0,30,16939,7124,0,083358
0,0,0,0,200,1,0,20,17750,7132,0,083392
0,0,0,0,200,1,0,20,17781,7164,0,083443
0,0,0,0,200,1,0,20,17781,7364,0,083614
0,0,0,0,200,1,0,20,17781,7564,0,083798
0,0,0,0,200,1,0,20,17781,7764,0,084002
0,0,0,0,200,1,0,20,17781,7964,0,084201
0,0,0,0,200,1,1,20,17781,8129,0,084409
0,0,0,0,200,1,1,20,18800,8180,0,084426
0,0,0,0,200,1,1,20,18832,8214,0,084467
0,0,0,0,200,1,1,20,18832,8414,0,084660
0,0,0,0,200,1,1,20,18832,8614,0,084860
0,0,0,0,200,1,1,20,18832,8814,0,085061
0,0,0,0,200,1,1,20,18832,9014,0,085259
0,0,0,0,200,1,1,20,18832,9214,0,085460
0,0,0,0,200,1,1,20,18832,9414,0,085660
0,0,0,0,200,1,1,20,18832,9614,0,085859
0,0,0,0,200,1,1,20,18832,9814,0,086051
0,0,0,0,200,1,1,20,18832,10014,0,086253
0,0,0,0,200,1,1,20,18832,10214,0,086451
0,0,0,0,200,1,1,20,18832,10414,0,086651
0,0,0,0,200,1,1,20,18832,10614,0,086869
0,0,0,0,200,1,1,20,18832,10814,0,087053
0,0,0,0,200,1,1,20,18832,11014,0,087253
0,0,0,0,200,1,0,20,18832,11127,0,087396
0,0,0,0,200,1,0,20,21788,11164,0,087413
0,0,0,0,200,1,0,20,21819,11199,0,087448
0,0,0,0,200,1,0,20,21819,11399,0,087649
0,0,0,0,200,1,0,20,21819,11599,0,087835
0,0,0,0,200,1,0,20,21819,11799,0,088052
0,0,0,0,200,1,0,20,21819,11999,0,088253
0,0,0,0,200,0,0,20,21819,12124,0,088396
0,0,0,0,200,0,0,20,22787,12163,0,088413
0,0,0,0,200,0,0,20,22819,12196,0,088448
0,0,0,0,200,0,0,20,22819,12396,0,088648
0,0,0,0,200,0,0,20,22819,12596,0,088847
0,0,0,0,200,1,0,10,23311,12687,0,088936
0,0,0,0,200,1,0,10,23342,12720,0,088969
0,0,0,0,200,1,0,10,23342,12920,0,089171
0,0,0,0,200,1,0,10,23342,13120,0,089371
0,0,0,0,200,1,0,10,23342,13320,0,089571
0,0,0,0,200,1,0,10,23342,13520,0,089770
0,0,0,0,200,1,1,10,23342,13692,0,089966
0,0,0,0,200,1,1,10,24359,13731,0,089985
0,0,0,0,200,1,1,10,24389,13765,0,090019
0,0,0,0,200,1,1,10,24389,13965,0,090219
0,0,0,0,200,1,1,10,24389,14166,0,090418
0,0,0,0,200,1,1,10,24389,14366,0,090622
0,0,0,0,200,1,1,10,24389,14566,0,090812
0,0,0,0,200,1,1,10,24389,14766,0,091012
0,0,0,0,200,1,1,10,24389,14966,0,091213
0,0,0,0,200,1,1,10,24389,15166,0,091412
0,0,0,0,200,1,1,10,24389,15366,0,091614
0,0,0,0,200,1,1,10,24389,15566,0,091813
0,0,0,0,200,1,1,10,24389,15766,0,092014
0,0,0,0,200,1,1,10,24389,15966,0,092214
0,0,0,0,200,1,1,10,24389,16166,0,092413
0,0,0,0,200,1,1,10,24389,16366,0,092614
0,0,0,0,200,1,1,10,24389,16566,0,092815
0,0,0,0,200,1,0,10,24389,16681,0,092978
0,0,0,0,200,1,0,10,27363,16733,0,092997
0,0,0,0,200,1,0,10,27394,16766,0,093014
0,0,0,0,200,1,0,10,27394,16966,0,093214
0,0,0,0,200,1,0,10,27394,17166,0,093418
0,0,0,0,200,1,0,10,27394,17366,0,093617
0,0,0,0,200,1,0,10,27394,17566,0,093819
0,0,0,0,200,0,0,10,27394,17684,0,093963
0,0,0,0,200,0,0,10,28356,17724,0,093980
0,0,0,0,200,0,0,10,28386,17759,0,094015
0,0,0,0,200,0,0,10,28386,17959,0,094215
0,0,0,0,200,0,0,10,28386,18159,0,094416
0,0,0,0,200,1,0,0,28896,18265,0,094519
0,0,0,0,200,1,0,0,28926,18296,0,094553
0,0,0,0,200,1,0,0,28926,18496,0,094766
0,0,0,0,200,1,0,0,28926,18696,0,094957
0,0,0,0,200,1,0,0,28926,18896,0,095159
0,0,0,0,200,1,0,0,28926,19096,0,095344
0,0,0,0,200,1,1,0,28926,19263,0,095540
0,0,0,0,200,1,1,0,29934,19300,0,095557
0,0,0,0,200,1,1,0,29964,19333,0,095593
0,0,0,0,200,1,1,0,29964,19533,0,095778
0,0,0,0,200,1,1,0,29964,19733,0,095977
0,0,0,0,200,1,1,0,29964,19933,0,096194
0,0,0,0,200,1,1,0,29964,20133,0,096394
0,0,0,0,200,1,1,0,29964,20333,0,096596
0,0,0,0,200,1,1,0,29964,20533,0,096786
0,0,0,0,200,1,1,0,29964,20733,0,096985
0,0,0,0,200,1,1,0,29964,20933,0,097185
0,0,0,0,200,1,1,20,31650,21016,0,097276
0,0,0,0,200,1,1,20,31681,21049,0,097308
0,0,0,0,200,1,1,20,31681,21249,0,097507
0,0,0,0,200,1,1,20,31681,21449,0,097710
0,0,0,0,200,1,1,40,32224,21591,0,097849
0,0,0,0,200,1,1,40,32255,21622,0,097881
0,0,0,0,200,1,1,40,32255,21822,0,098082
0,0,0,0,200,1,1,40,32255,22022,0,098282
0,0,0,0,200,1,1,60,32825,22190,0,098471
0,0,0,0,200,1,1,60,32856,22222,0,098489
0,0,0,0,200,1,0,60,32856,22259,0,098521
0,0,0,0,200,1,0,60,32856,22459,0,098723
0,0,0,0,200,1,0,60,32856,22659,0,098926
0,0,0,0,200,1,0,60,32856,22859,0,099112
0,0,0,0,200,1,0,60,32856,23059,0,099311
0,0,0,0,200,1,0,60,32856,23259,0,099556
0,0,0,0,200,0,0,60,32856,23272,0,099573
0,0,0,0,200,0,0,60,33950,23312,0,099589
0,0,0,0,200,0,0,60,33981,23347,0,099623
0,0,0,0,200,0,0,60,33981,23547,0,099806
0,0,0,0,200,0,0,60,33981,23747,0,0100007
0,0,0,0,200,0,0,60,33981,23947,0,0100209
0,0,0,0,200,0,0,60,33981,24147,0,0100543
0,0,0,0,200,1,0,50,34858,24255,0,0100560
0,0,0,0,200,1,0,50,34923,24318,0,0100577
0,0,0,0,200,1,0,50,34923,24518,0,0100780
0,0,0,0,200,1,0,50,34923,24718,0,0100980
0,0,0,0,200,1,0,50,34923,24918,0,0101181
0,0,0,0,200,1,0,50,34923,25118,0,0101382
0,0,0,0,200,1,1,50,34923,25256,0,0101610
0,0,0,0,200,1,1,50,35937,25331,0,0101628
0,0,0,0,200,1,1,50,36002,25397,0,0101661
0,0,0,0,200,1,1,50,36002,25597,0,0101862
0,0,0,0,200,1,1,50,36002,25797,0,0102061
0,0,0,0,200,1,1,50,36002,25997,0,0102262
0,0,0,0,200,1,1,50,36002,26198,0,0102462
0,0,0,0,200,1,1,50,36002,26398,0,0102662
0,0,0,0,200,1,1,50,36002,26598,0,0102862
0,0,0,0,200,1,1,50,36002,26798,0,0103064
0,0,0,0,200,1,1,50,36002,26998,0,0103262
0,0,0,0,200,1,1,50,36002,27198,0,0103463
0,0,0,0,200,1,1,50,36002,27398,0,0103665
0,0,0,0,200,1,1,50,36002,27598,0,0103865
0,0,0,0,200,1,1,50,36002,27798,0,0104069
0,0,0,0,200,1,1,50,36002,27998,0,0104270
0,0,0,0,200,1,1,50,36002,28198,0,0104486
0,0,0,0,200,1,0,50,36002,28260,0,0104626
0,0,0,0,200,1,0,50,38950,28341,0,0104643
0,0,0,0,200,1,0,50,39015,28405,0,0104676
0,0,0,0,200,1,0,50,39015,28605,0,0104876
0,0,0,0,200,1,0,50,39015,28805,0,0105076
0,0,0,0,200,1,0,50,39015,29005,0,0105277
0,0,0,0,200,1,0,50,39015,29205,0,0105472
0,0,0,0,200,0,0,50,39015,29252,0,0105620
0,0,0,0,200,0,0,50,39936,29326,0,0105638
0,0,0,0,200,0,0,50,40002,29391,0,0105656
0,0,0,0,200,0,0,50,40002,29591,0,0105857
0,0,0,0,200,0,0,50,40002,29791,0,0106059
0,0,0,0,200,0,0,50,40002,29991,0,0106329
0,0,0,0,200,1,0,40,40656,30047,0,0106346
0,0,0,0,200,1,0,40,40722,30110,0,0106378
0,0,0,0,200,1,0,40,40722,30310,0,0106580
0,0,0,0,200,1,0,40,40722,30510,0,0106783
0,0,0,0,200,1,0,40,40722,30710,0,0106983
0,0,0,0,200,1,0,40,40722,30910,0,0107189
0,0,0,0,200,1,1,40,40722,31052,0,0107355
0,0,0,0,200,1,1,40,41747,31135,0,0107406
0,0,0,0,200,1,1,40,41747,31335,0,0107602
0,0,0,0,200,1,1,40,41747,31535,0,0107805
0,0,0,0,200,1,1,40,41747,31735,0,0108006
0,0,0,0,200,1,1,40,41747,31935,0,0108204
0,0,0,0,200,1,1,40,41747,32135,0,0108406
0,0,0,0,200,1,1,40,41747,32335,0,0108607
0,0,0,0,200,1,1,40,41747,32535,0,0108807
0,0,0,0,200,1,1,40,41747,32735,0,0109010
0,0,0,0,200,1,1,40,41747,32935,0,0109208
0,0,0,0,200,1,1,40,41747,33135,0,0109410
0,0,0,0,200,1,1,40,41747,33335,0,0109610
0,0,0,0,200,1,1,40,41747,33536,0,0109813
0,0,0,0,200,1,1,40,41747,33736,0,0109998
0,0,0,0,200,1,1,40,41747,33936,0,0110271
0,0,0,0,200,1,0,40,41747,34046,0,0110419
0,0,0,0,200,1,0,40,44735,34119,0,0110436
0,0,0,0,200,1,0,40,44801,34185,0,0110454
0,0,0,0,200,1,0,40,44801,34385,0,0110653
0,0,0,0,200,1,0,40,44801,34585,0,0110852
0,0,0,0,200,1,0,40,44801,34785,0,0111054
0,0,0,0,200,1,0,40,44801,34985,0,0111289
0,0,0,0,200,0,0,40,44801,35050,0,0111425
0,0,0,0,200,0,0,40,45753,35136,0,0111444
0,0,0,0,200,0,0,40,45818,35201,0,0111478
0,0,0,0,200,0,0,40,45818,35401,0,0111679
0,0,0,0,200,0,0,40,45818,35601,0,0111880
0,0,0,0,200,0,0,40,45818,35801,0,0112100
0,0,0,0,200,1,0,30,46427,35811,0,0112117
0,0,0,0,200,1,0,30,46491,35874,0,0112152
0,0,0,0,200,1,0,30,46491,36074,0,0112352
0,0,0,0,200,1,0,30,46491,36274,0,0112552
0,0,0,0,200,1,0,30,46491,36474,0,0112752
0,0,0,0,200,1,0,30,46491,36674,0,0112951
0,0,0,0,200,1,1,30,46491,36813,0,0113178
0,0,0,0,200,1,1,30,47506,36887,0,0113196
0,0,0,0,200,1,1,30,47571,36952,0,0113228
0,0,0,0,200,1,1,30,47571,37152,0,0113430
0,0,0,0,200,1,1,30,47571,37352,0,0113632
0,0,0,0,200,1,1,30,47571,37552,0,0113832
0,0,0,0,200,1,1,30,47571,37752,0,0114033
0,0,0,0,200,1,1,30,47571,37952,0,0114232
0,0,0,0,200,1,1,30,47571,38152,0,0114436
0,0,0,0,200,1,1,30,47571,38352,0,0114636
0,0,0,0,200,1,1,30,47571,38552,0,0114836
0,0,0,0,200,1,1,30,47571,38752,0,0115020
0,0,0,0,200,1,1,30,47571,38952,0,0115221
0,0,0,0,200,1,1,30,47571,39152,0,0115421
0,0,0,0,200,1,1,30,47571,39352,0,0115621
0,0,0,0,200,1,1,30,47571,39552,0,0115831
0,0,0,0,200,1,1,30,47571,39752,0,0116059
0,0,0,0,200,1,0,30,47571,39816,0,0116208
0,0,0,0,200,1,0,30,50523,39902,0,0116226
0,0,0,0,200,1,0,30,50589,39967,0,0116243
0,0,0,0,200,1,0,30,50589,40167,0,0116442
0,0,0,0,200,1,0,30,50589,40367,0,0116646
0,0,0,0,200,1,0,30,50589,40567,0,0116850
0,0,0,0,200,1,0,30,50589,40767,0,0117177
0,0,0,0,200,0,0,30,50589,40806,0,0117195
0,0,0,0,200,0,0,30,51502,40879,0,0117212
0,0,0,0,200,0,0,30,51567,40943,0,0117229
0,0,0,0,200,0,0,30,51567,41143,0,0117418
0,0,0,0,200,0,0,30,51567,41344,0,0117618
0,0,0,0,200,0,0,30,51567,41544,0,0117818
0,0,0,0,200,0,0,30,51567,41744,0,0118074
0,0,0,0,200,1,0,20,52399,41777,0,0118092
0,0,0,0,200,1,0,20,52465,41840,0,0118125
0,0,0,0,200,1,0,20,52465,42040,0,0118327
0,0,0,0,200,1,0,20,52465,42240,0,0118524
0,0,0,0,200,1,0,20,52465,42440,0,0118724
0,0,0,0,200,1,0,20,52465,42640,0,0118924
0,0,0,0,200,1,1,20,52465,42780,0,0119094
0,0,0,0,200,1,1,20,53484,42858,0,0119145
0,0,0,0,200,1,1,20,53484,43058,0,0119345
0,0,0,0,200,1,1,20,53484,43258,0,0119544
0,0,0,0,200,1,1,20,53484,43458,0,0119746
0,0,0,0,200,1,1,20,53484,43658,0,0119945
0,0,0,0,200,1,1,20,53484,43858,0,0120144
0,0,0,0,200,1,1,20,53484,44058,0,0120345
0,0,0,0,200,1,1,20,53484,44258,0,0120545
0,0,0,0,200,1,1,20,53484,44459,0,0120747
0,0,0,0,200,1,1,20,53484,44659,0,0120949
0,0,0,0,200,1,1,20,53484,44859,0,0121138
0,0,0,0,200,1,1,20,53484,45059,0,0121337
0,0,0,0,200,1,1,20,53484,45259,0,0121537
0,0,0,0,200,1,1,20,53484,45459,0,0121737
0,0,0,0,200,1,1,20,53484,45659,0,0121938
0,0,0,0,200,1,0,20,53484,45772,0,0122152
0,0,0,0,200,1,0,20,56474,45846,0,0122170
0,0,0,0,200,1,0,20,56540,45911,0,0122202
0,0,0,0,200,1,0,20,56540,46111,0,0122388
0,0,0,0,200,1,0,20,56540,46311,0,0122602
0,0,0,0,200,1,0,20,56540,46511,0,0122801
0,0,0,0,200,1,0,20,56540,46711,0,0123021
0,0,0,0,200,0,0,20,56540,46770,0,0123169
0,0,0,0,200,0,0,20,57486,46856,0,0123186
0,0,0,0,200,0,0,20,57551,46920,0,0123205
0,0,0,0,200,0,0,20,57551,47120,0,0123406
0,0,0,0,200,0,0,20,57551,47320,0,0123605
0,0,0,0,200,0,0,20,57551,47520,0,0123804
0,0,0,0,200,1,0,10,58302,47672,0,0123985
0,0,0,0,200,1,0,10,58367,47735,0,0124019
0,0,0,0,200,1,0,10,58367,47935,0,0124219
0,0,0,0,200,1,0,10,58367,48135,0,0124421
0,0,0,0,200,1,0,10,58367,48335,0,0124623
0,0,0,0,200,1,0,10,58367,48535,0,0124825
0,0,0,0,200,1,1,10,58367,48672,0,0125051
0,0,0,0,200,1,1,10,59376,48744,0,0125069
0,0,0,0,200,1,1,10,59442,48809,0,0125101
0,0,0,0,200,1,1,10,59442,49009,0,0125297
0,0,0,0,200,1,1,10,59442,49209,0,0125504
0,0,0,0,200,1,1,10,59442,49409,0,0125703
0,0,0,0,200,1,1,10,59442,49609,0,0125904
0,0,0,0,200,1,1,10,59442,49809,0,0126103
0,0,0,0,200,1,1,10,59442,50009,0,0126303
0,0,0,0,200,1,1,10,59442,50209,0,0126502
0,0,0,0,200,1,1,10,59442,50409,0,0126703
0,0,0,0,200,1,1,10,59442,50609,0,0126904
0,0,0,0,200,1,1,10,59442,50809,0,0127104
0,0,0,0,200,1,1,10,59442,51009,0,0127304
0,0,0,0,200,1,1,10,59442,51209,0,0127504
0,0,0,0,200,1,1,10,59442,51409,0,0127704
0,0,0,0,200,1,1,10,59442,51609,0,0127920
0,0,0,0,200,1,0,10,59442,51668,0,0128069
0,0,0,0,200,1,0,10,62385,51749,0,0128087
0,0,0,0,200,1,0,10,62450,51814,0,0128106
0,0,0,0,200,1,0,10,62450,52014,0,0128304
0,0,0,0,200,1,0,10,62450,52214,0,0128505
0,0,0,0,200,1,0,10,62450,52414,0,0128705
0,0,0,0,200,1,0,10,62450,52614,0,0128913
0,0,0,0,200,0,0,10,62450,52667,0,0129049
0,0,0,0,200,0,0,10,63377,52740,0,0129067
0,0,0,0,200,0,0,10,63441,52805,0,0129100
0,0,0,0,200,0,0,10,63441,53005,0,0129300
0,0,0,0,200,0,0,10,63441,53206,0,0129503
0,0,0,0,200,0,0,10,63441,53406,0,0129758
0,0,0,0,200,1,0,0,64150,53480,0,0129777
0,0,0,0,200,1,0,0,64181,53513,0,0129808
0,0,0,0,200,1,0,0,64181,53713,0,0130009
0,0,0,0,200,1,0,0,64181,53913,0,0130210
0,0,0,0,200,1,0,0,64181,54113,0,0130410
0,0,0,0,200,1,0,0,64181,54313,0,0130615
0,0,0,0,200,1,1,0,64181,54489,0,0130810
0,0,0,0,200,1,1,0,65202,54529,0,0130828
0,0,0,0,200,1,1,0,65233,54563,0,0130862
0,0,0,0,200,1,1,0,65233,54763,0,0131063
0,0,0,0,200,1,1,0,65233,54963,0,0131262
0,0,0,0,200,1,1,0,65233,55163,0,0131464
0,0,0,0,200,1,1,0,65233,55363,0,0131663
0,0,0,0,200,1,1,0,65233,55563,0,0131862
0,0,0,0,200,1,1,0,65233,55763,0,0132063
0,0,0,0,200,1,1,0,65233,55963,0,0132265
0,0,0,0,200,1,1,0,65233,56163,0,0132464
0,0,0,0,200,1,1,0,65233,56363,0,0132664
0,0,0,0,200,1,1,0,65233,56563,0,0132865
0,0,0,0,200,1,1,0,65233,56763,0,0133053
0,0,0,0,200,1,1,0,65233,56963,0,0133254
0,0,0,0,200,1,1,0,65233,57163,0,0133454
0,0,0,0,200,1,1,0,65233,57363,0,0133654
0,0,0,0,200,1,0,0,65233,57477,0,0133801
0,0,0,0,200,1,0,0,2657,57517,0,0133819
0,0,0,0,200,1,0,0,2688,57551,0,0133850
0,0,0,0,200,1,0,0,2688,57751,0,0134051
0,0,0,0,200,1,0,0,2688,57951,0,0134252
0,0,0,0,200,1,0,0,2688,58151,0,0134453
0,0,0,0,200,1,0,0,2688,58351,0,0134651
0,0,0,0,200,0,0,0,2688,58487,0,0134814
0,0,0,0,200,0,0,0,3670,58528,0,0134833
0,0,0,0,200,0,0,0,3701,58563,0,0134865
0,0,0,0,200,0,0,0,3701,58763,0,0135067
0,0,0,0,200,0,0,0,3701,58963,0,0135257
0,0,0,0,200,0,0,0,3701,59163,0,0135459
0,0,0,0,200,0,0,0,3701,59363,0,0135657
0,0,0,0,200,0,0,0,3701,59563,0,0135859
0,0,0,0,200,0,0,0,3701,59763,0,0136061
0,0,0,0,200,0,0,0,3701,59963,0,0136260
0,0,0,0,200,0,0,0,3701,60163,0,0136462
0,0,0,0,200,0,0,0,3701,60363,0,0136665
0,0,0,0,200,0,0,0,3701,60563,0,0136865
0,0,0,0,200,0,0,0,3701,60763,0,0137065
0,0,0,0,200,0,0,20,5993,60884,0,0137204
0,0,0,0,200,0,0,20,6058,60949,0,0137258
0,0,0,0,200,0,0,20,6058,61149,0,0137443
0,0,0,0,200,0,0,20,6058,61349,0,0137660
0,0,0,0,200,0,0,40,6671,61528,0,0137824
0,0,0,0,200,0,0,40,6701,61559,0,0137860
0,0,0,0,200,0,0,40,6701,61759,0,0138062
0,0,0,0,200,0,0,40,6701,61959,0,0138261
0,0,0,0,200,0,0,60,7206,62062,0,0138365
0,0,0,0,200,0,0,60,7236,62094,0,0138414
0,0,0,0,200,0,0,60,7236,62294,0,0138590
0,0,0,0,200,0,0,60,7236,62494,0,0138788
0,0,0,0,200,0,0,80,7717,62573,0,0138878
0,0,0,0,200,0,0,80,7748,62605,0,0138912
0,0,0,0,200,0,0,80,7748,62806,0,0139111
0,0,0,0,200,0,0,80,7748,63006,0,0139443
0,0,0,0,200,0,0,100,8223,63111,0,0139462
0,0,0,0,200,0,0,100,8288,63176,0,0139479
0,0,0,0,200,0,0,100,8288,63376,0,0139679
0,0,0,0,200,0,0,100,8288,63576,0,0139878
0,0,0,0,200,0,0,100,8288,63776,0,0140083
0,0,0,0,200,0,0,100,8288,63976,0,0140276
0,0,0,0,200,0,0,100,8288,64176,0,0140475
0,0,0,0,200,0,0,100,8288,64376,0,0140731
0,0,0,0,200,1,0,90,9588,64443,0,0140748
0,0,0,0,200,1,0,90,9619,64475,0,0140782
0,0,0,0,200,1,0,90,9619,64675,0,0140982
0,0,0,0,200,1,0,90,9619,64875,0,0141182
0,0,0,0,200,1,0,90,9619,65075,0,0141381
0,0,0,0,200,1,0,90,9619,65275,0,0141587
0,0,0,0,200,1,1,90,9619,65448,0,0141792
0,0,0,0,200,1,1,90,10648,65500,0,0141809
0,0,0,0,200,1,1,90,10679,65533,0,0141855
0,0,0,0,200,1,1,90,10679,197,0,0142044
0,0,0,0,200,1,1,90,10679,397,0,0142245
0,0,0,0,200,1,1,90,10679,598,0,0142446
0,0,0,0,200,1,1,90,10679,798,0,0142645
0,0,0,0,200,1,1,90,10679,998,0,0142846
0,0,0,0,200,1,1,90,10679,1198,0,0143044
0,0,0,0,200,1,1,90,10679,1398,0,0143244
0,0,0,0,200,1,1,90,10679,1598,0,0143446
0,0,0,0,200,1,1,90,10679,1798,0,0143645
0,0,0,0,200,1,1,90,10679,1998,0,0143846
0,0,0,0,200,1,1,90,10679,2198,0,0144046
0,0,0,0,200,1,1,90,10679,2398,0,0144246
0,0,0,0,200,1,1,90,10679,2598,0,0144446
0,0,0,0,200,1,1,90,10679,2798,0,0144648
0,0,0,0,200,1,0,90,10679,2903,0,0144779
0,0,0,0,200,1,0,90,13638,2949,0,0144796
0,0,0,0,200,1,0,90,13668,2983,0,0144830
0,0,0,0,200,1,0,90,13668,3183,0,0145031
0,0,0,0,200,1,0,90,13668,3383,0,0145230
0,0,0,0,200,1,0,90,13668,3584,0,0145432
0,0,0,0,200,1,0,90,13668,3784,0,0145631
0,0,0,0,200,0,0,90,13668,3903,0,0145771
0,0,0,0,200,0,0,90,14629,3939,0,0145788
0,0,0,0,200,0,0,90,14659,3974,0,0145822
0,0,0,0,200,0,0,90,14659,4174,0,0146022
0,0,0,0,200,0,0,90,14659,4374,0,0146222
0,0,0,0,200,0,0,90,14659,4574,0,0146423
0,0,0,0,200,1,0,80,15418,4729,0,0146581
0,0,0,0,200,1,0,80,15450,4762,0,0146613
0,0,0,0,200,1,0,80,15450,4962,0,0146817
0,0,0,0,200,1,0,80,15450,5163,0,0147016
0,0,0,0,200,1,0,80,15450,5363,0,0147216
0,0,0,0,200,1,0,80,15450,5563,0,0147415
0,0,0,0,200,1,1,80,15450,5738,0,0147690
0,0,0,0,200,1,1,80,16470,5813,0,0147708
0,0,0,0,200,1,1,80,16535,5878,0,0147724
0,0,0,0,200,1,1,80,16535,6078,0,0147929
0,0,0,0,200,1,1,80,16535,6278,0,0148128
0,0,0,0,200,1,1,80,16535,6478,0,0148335
0,0,0,0,200,1,1,80,16535,6678,0,0148536
0,0,0,0,200,1,1,80,16535,6878,0,0148735
0,0,0,0,200,1,1,80,16535,7078,0,0148934
0,0,0,0,200,1,1,80,16535,7278,0,0149122
0,0,0,0,200,1,1,80,16535,7478,0,0149322
0,0,0,0,200,1,1,80,16535,7678,0,0149531
0,0,0,0,200,1,1,80,16535,7878,0,0149730
0,0,0,0,200,1,1,80,16535,8078,0,0149930
0,0,0,0,200,1,1,80,16535,8278,0,0150130
0,0,0,0,200,1,1,80,16535,8478,0,0150329
0,0,0,0,200,1,1,80,16535,8678,0,0150566
0,0,0,0,200,1,0,80,16535,8763,0,0150701
0,0,0,0,200,1,0,80,19494,8834,0,0150719
0,0,0,0,200,1,0,80,19559,8898,0,0150752
0,0,0,0,200,1,0,80,19559,9098,0,0150952
0,0,0,0,200,1,0,80,19559,9298,0,0151151
0,0,0,0,200,1,0,80,19559,9498,0,0151352
0,0,0,0,200,1,0,80,19559,9698,0,0151571
0,0,0,0,200,0,0,80,19559,9767,0,0151706
0,0,0,0,200,0,0,80,20500,9837,0,0151724
0,0,0,0,200,0,0,80,20565,9903,0,0151757
0,0,0,0,200,0,0,80,20565,10103,0,0151958
0,0,0,0,200,0,0,80,20565,10303,0,0152156
0,0,0,0,200,1,0,70,21117,10457,0,0152324
0,0,0,0,200,1,0,70,21183,10519,0,0152374
0,0,0,0,200,1,0,70,21183,10719,0,0152575
0,0,0,0,200,1,0,70,21183,10919,0,0152774
0,0,0,0,200,1,0,70,21183,11119,0,0152974
0,0,0,0,200,1,0,70,21183,11319,0,0153175
0,0,0,0,200,1,1,70,21183,11455,0,0153395
0,0,0,0,200,1,1,70,22190,11526,0,0153413
0,0,0,0,200,1,1,70,22255,11590,0,0153446
0,0,0,0,200,1,1,70,22255,11790,0,0153647
0,0,0,0,200,1,1,70,22255,11990,0,0153847
0,0,0,0,200,1,1,70,22255,12190,0,0154047
0,0,0,0,200,1,1,70,22255,12390,0,0154246
0,0,0,0,200,1,1,70,22255,12590,0,0154447
0,0,0,0,200,1,1,70,22255,12790,0,0154646
0,0,0,0,200,1,1,70,22255,12990,0,0154846
0,0,0,0,200,1,1,70,22255,13190,0,0155046
0,0,0,0,200,1,1,70,22255,13390,0,0155247
0,0,0,0,200,1,1,70,22255,13590,0,0155446
0,0,0,0,200,1,1,70,22255,13790,0,0155646
0,0,0,0,200,1,1,70,22255,13990,0,0155846
0,0,0,0,200,1,1,70,22255,14190,0,0156047
0,0,0,0,200,1,1,70,22255,14390,0,0156265
0,0,0,0,200,1,0,70,22255,14456,0,0156400
0,0,0,0,200,1,0,70,25193,14526,0,0156419
0,0,0,0,200,1,0,70,25259,14592,0,0156450
0,0,0,0,200,1,0,70,25259,14792,0,0156651
0,0,0,0,200,1,0,70,25259,14992,0,0156852
0,0,0,0,200,1,0,70,25259,15192,0,0157051
0,0,0,0,200,1,0,70,25259,15392,0,0157271
0,0,0,0,200,0,0,70,25259,15461,0,0157406
0,0,0,0,200,0,0,70,26200,15531,0,0157423
0,0,0,0,200,0,0,70,26265,15596,0,0157456
0,0,0,0,200,0,0,70,26265,15796,0,0157660
0,0,0,0,200,0,0,70,26265,15996,0,0157860
0,0,0,0,200,0,0,70,26265,16196,0,0158062
0,0,0,0,200,0,0,70,26265,16396,0,0158251
0,0,0,0,200,0,0,70,26265,16596,0,0158452
0,0,0,0,200,0,0,70,26265,16796,0,0158709
0,0,0,0,200,1,0,60,27496,16828,0,0158727
0,0,0,0,200,1,0,60,27561,16891,0,0158759
0,0,0,0,200,1,0,60,27561,17091,0,0158959
0,0,0,0,200,1,0,60,27561,17291,0,0159142
0,0,0,0,200,1,0,60,27561,17491,0,0159361
0,0,0,0,200,1,0,60,27561,17691,0,0159550
0,0,0,0,200,1,1,60,27561,17840,0,0159751
0,0,0,0,200,1,1,60,28597,17926,0,0159784
0,0,0,0,200,1,1,60,28597,18126,0,0159985
0,0,0,0,200,1,1,60,28597,18326,0,0160184
0,0,0,0,200,1,1,60,28597,18526,0,0160387
0,0,0,0,200,1,1,60,28597,18726,0,0160585
0,0,0,0,200,1,1,60,28597,18926,0,0160787
0,0,0,0,200,1,1,60,28597,19126,0,0160989
0,0,0,0,200,1,1,60,28597,19326,0,0161195
0,0,0,0,200,1,1,60,28597,19526,0,0161395
0,0,0,0,200,1,1,60,28597,19726,0,0161595
0,0,0,0,200,1,1,60,28597,19926,0,0161795
0,0,0,0,200,1,1,60,28597,20126,0,0161994
0,0,0,0,200,1,1,60,28597,20326,0,0162194
0,0,0,0,200,1,1,60,28597,20526,0,0162383
0,0,0,0,200,1,1,60,28597,20726,0,0162648
0,0,0,0,200,1,0,60,28597,20824,0,0162718
0,0,0,0,200,1,0,60,31576,20901,0,0162770
0,0,0,0,200,1,0,60,31576,21101,0,0162969
0,0,0,0,200,1,0,60,31576,21301,0,0163169
0,0,0,0,200,1,0,60,31576,21501,0,0163370
0,0,0,0,200,1,0,60,31576,21701,0,0163571
0,0,0,0,200,0,0,60,31576,21824,0,0163729
0,0,0,0,200,0,0,60,32585,21909,0,0163780
0,0,0,0,200,0,0,60,32585,22109,0,0163980
0,0,0,0,200,0,0,60,32585,22309,0,0164180
0,0,0,0,200,0,0,60,32585,22509,0,0164381
0,0,0,0,200,0,0,60,32585,22709,0,0164581
0,0,0,0,200,0,0,60,32585,22909,0,0164781
0,0,0,0,200,0,0,60,32585,23109,0,0164980
0,0,0,0,200,0,0,60,32585,23309,0,0165182
0,0,0,0,200,0,0,60,32585,23510,0,0165384
0,0,0,0,200,0,0,60,32585,23710,0,0165587
0,0,0,0,200,0,0,60,32585,23910,0,0165769
0,0,0,0,200,0,0,60,32585,24110,0,0165973
0,0,0,0,200,0,0,60,32585,24310,0,0166172
0,0,0,0,200,0,0,60,32585,24510,0,0166372
0,0,0,0,200,0,0,60,32585,24710,0,0166574
0,0,0,0,200,0,0,60,32585,24910,0,0166854
0,0,0,0,200,0,0,80,35634,24956,0,0166872
0,0,0,0,200,0,0,80,35699,25020,0,0166890
0,0,0,0,200,0,0,80,35699,25220,0,0167089
0,0,0,0,200,0,0,80,35699,25420,0,0167296
0,0,0,0,200,0,0,80,35699,25620,0,0167500
0,0,0,0,200,0,0,80,35699,25820,0,0167817
0,0,0,0,200,0,0,100,36599,25920,0,0167833
0,0,0,0,200,0,0,100,36665,25986,0,0167851
0,0,0,0,200,0,0,100,36665,26186,0,0168051
0,0,0,0,200,0,0,100,36665,26386,0,0168253
0,0,0,0,200,0,0,100,36665,26586,0,0168453
0,0,0,0,200,0,0,100,36665,26786,0,0168653
0,0,0,0,200,0,0,100,36665,26986,0,0168854
0,0,0,0,200,0,0,100,36665,27186,0,0169054
0,0,0,0,200,0,0,100,36665,27386,0,0169253
0,0,0,0,200,0,0,100,36665,27586,0,0169454
0,0,0,0,200,0,0,100,36665,27786,0,0169654
0,0,0,0,200,0,0,100,36665,27986,0,0169853
0,0,0,0,200,0,0,100,36665,28186,0,0170054
0,0,0,0,200,0,0,100,36665,28386,0,0170254
0,0,0,0,200,0,0,100,36665,28587,0,0170455
0,0,0,0,200,0,0,100,36665,28787,0,0170657
0,0,0,0,200,0,0,100,36665,28987,0,0170866
0,0,0,0,200,0,0,100,36665,29187,0,0171067
0,0,0,0,200,0,0,100,36665,29387,0,0171267
0,0,0,0,200,0,0,100,36665,29587,0,0171467
0,0,0,0,200,0,0,100,36665,29787,0,0171667
0,0,0,0,200,0,0,100,36665,29987,0,0171868
0,0,0,0,200,0,0,100,36665,30187,0,0172071
0,0,0,0,200,0,0,100,36665,30387,0,0172270
0,0,0,0,200,0,0,100,36665,30587,0,0172473
0,0,0,0,200,0,0,100,36665,30787,0,0172673
0,0,0,0,200,0,0,100,36665,30987,0,0172856
0,0,0,0,200,0,0,100,36665,31187,0,0173072
0,0,0,0,200,0,0,100,36665,31387,0,0173273
0,0,0,0,200,0,0,100,36665,31587,0,0173473
0,0,0,0,200,0,0,100,36665,31787,0,0173673
0,0,0,0,200,0,0,100,42669,31982,0,0173863
0,0,0,0,200,0,0,100,42669,32182,0,0174068
0,0,0,0,200,0,0,100,42669,32382,0,0174266
0,0,0,0,200,0,0,100,42669,32582,0,0174467
0,0,0,0,200,0,0,100,42669,32782,0,0174658
0,0,0,0,200,0,0,100,42669,32982,0,0174860
0,0,0,0,200,0,0,100,42669,33182,0,0175060
0,0,0,0,200,0,0,100,42669,33382,0,0175262
0,0,0,0,200,0,0,100,42669,33582,0,0175466
0,0,0,0,200,0,0,100,42669,33782,0,0175663
0,0,0,0,200,0,0,100,42669,33982,0,0175864
0,0,0,0,200,0,0,100,42669,34182,0,0176065
0,0,0,0,200,0,0,100,42669,34382,0,0176259
0,0,0,0,200,0,0,100,42669,34582,0,0176468
0,0,0,0,200,0,0,100,42669,34782,0,0176668
0,0,0,0,200,0,0,100,42669,34982,0,0176869
0,0,0,0,200,0,0,100,42669,35182,0,0177071
0,0,0,0,200,0,0,100,42669,35382,0,0177271
0,0,0,0,200,0,0,100,42669,35582,0,0177478
0,0,0,0,200,0,0,100,42669,35782,0,0177673
0,0,0,0,200,0,0,100,42669,35982,0,0177871
0,0,0,0,200,0,0,100,42669,36182,0,0178060
0,0,0,0,200,0,0,100,42669,36382,0,0178261
0,0,0,0,200,0,0,100,42669,36582,0,0178460
0,0,0,0,200,0,0,100,42669,36782,0,0178660
0,0,0,0,200,0,0,100,42669,36982,0,0178877
0,0,0,0,200,0,0,100,42669,37182,0,0179077
0,0,0,0,200,0,0,100,42669,37382,0,0179264
0,0,0,0,200,0,0,100,42669,37582,0,0179465
0,0,0,0,200,0,0,100,42669,37782,0,0179665
0,0,0,0,200,0,0,100,42669,37982,0,0179865
0,0,0,0,200,0,0,100,42669,38182,0,0180068
0,0,0,0,200,0,0,100,42669,38382,0,0180268
0,0,0,0,200,0,0,100,42669,38582,0,0180469
