0,0,0,0,200,0,0,0,0,1603,0,07901
0,0,0,0,200,0,0,0,0,1803,0,08103
0,0,0,0,200,0,0,0,0,2003,0,08307
0,0,0,0,200,0,0,0,0,2203,0,08503
0,0,0,0,200,0,0,0,0,2403,0,08710
0,0,0,0,200,0,0,0,0,2603,0,08899
0,0,0,0,200,0,0,0,0,2803,0,09100
0,0,0,0,200,0,0,0,0,3003,0,09301
0,0,0,0,200,0,0,0,0,3203,0,09500
0,0,0,0,200,0,0,0,0,3403,0,09702
0,0,0,0,200,0,0,0,0,3603,0,09899
0,0,0,0,200,0,0,0,0,3803,0,010099
0,0,0,0,200,0,0,0,0,4003,0,010302
0,0,0,0,200,0,0,0,0,4203,0,010508
0,0,0,0,200,0,0,0,0,4403,0,010707
0,0,0,0,200,0,0,0,0,4603,0,010907
0,0,0,0,200,0,0,0,0,4803,0,011107
0,0,0,0,200,0,0,0,0,5003,0,011307
0,0,0,0,200,0,0,0,0,5203,0,011506
0,0,0,0,200,0,0,0,0,5403,0,011706
0,0,0,0,200,0,0,0,0,5603,0,011895
0,0,0,0,200,0,0,0,0,5803,0,012103
0,0,0,0,200,0,0,0,0,6003,0,012303
0,0,0,0,200,0,0,0,0,6203,0,012505
0,0,0,0,200,0,0,0,0,6403,0,012706
0,0,0,0,200,0,0,0,0,6603,0,012907
0,0,0,0,200,0,0,0,0,6803,0,013107
0,0,0,0,200,0,0,0,0,7003,0,013306
0,0,0,0,200,0,0,0,0,7203,0,013508
0,0,0,0,200,0,0,0,0,7403,0,013707
0,0,0,0,200,0,0,0,0,7603,0,013906
0,0,0,0,200,0,0,0,0,7803,0,014108
0,0,0,0,200,0,0,0,0,8003,0,014307
0,0,0,0,200,0,0,0,0,8203,0,014508
0,0,0,0,200,0,0,0,0,8403,0,014707
0,0,0,0,200,0,0,0,0,8603,0,014907
0,0,0,0,200,0,0,0,0,8803,0,015107
0,0,0,0,200,0,0,0,0,9003,0,015307
0,0,0,0,200,0,0,0,0,9203,0,015507
0,0,0,0,200,0,0,0,0,9403,0,015708
0,0,0,0,200,0,0,0,0,9603,0,015907
0,0,0,0,200,0,0,0,0,9803,0,016106
0,0,0,0,200,0,0,0,0,10003,0,016308
0,0,0,0,200,0,0,0,0,10203,0,016508
1,0,0,0,200,0,0,0,0,10288,0,016591
0,0,0,0,200,0,0,0,0,10290,0,016674
0,0,0,0,200,0,0,20,16591,10372,0,016708
0,0,0,0,200,0,0,20,16622,10404,0,016724
0,0,0,0,200,0,0,20,16622,10604,0,016907
0,0,0,0,200,0,0,20,16622,10804,0,017106
0,0,0,0,200,0,0,20,16622,11004,0,017307
1,0,0,0,200,0,0,20,16622,11202,0,017544
0,0,0,0,200,0,0,20,16622,11204,0,017627
0,0,0,0,200,0,0,40,17544,11325,0,017662
0,0,0,0,200,0,0,40,17575,11358,0,017679
0,0,0,0,200,0,0,40,17575,11558,0,017862
0,0,0,0,200,0,0,40,17575,11758,0,018064
0,0,0,0,200,0,0,40,17575,11958,0,018284
1,0,0,0,200,0,0,40,17575,11960,0,018316
0,0,0,0,200,0,0,40,17575,11966,0,018389
0,0,0,0,200,0,0,60,18317,12097,0,018423
0,0,0,0,200,0,0,60,18347,12130,0,018440
0,0,0,0,200,0,0,60,18347,12331,0,018640
0,0,0,0,200,0,0,60,18347,12531,0,018840
0,0,0,0,200,0,0,60,18347,12731,0,019040
0,0,0,0,200,0,0,60,18347,12931,0,019239
0,0,0,0,200,0,0,60,18347,13131,0,019442
0,0,0,0,200,0,0,60,18347,13331,0,019641
0,0,1,0,200,0,0,60,18347,13420,0,019758
0,0,0,0,200,0,0,60,18347,13422,0,019828
0,0,0,0,200,1,0,50,19759,13539,0,019880
0,0,0,0,200,1,0,50,19790,13572,0,019896
0,0,0,0,200,1,0,50,19790,13772,0,020081
0,0,0,0,200,1,0,50,19790,13972,0,020280
0,0,0,0,200,1,0,50,19790,14172,0,020482
0,0,0,0,200,1,0,50,19790,14372,0,020683
0,0,0,0,200,1,1,50,19790,14544,0,020877
0,0,0,0,200,1,1,50,20805,14584,0,020913
0,0,0,0,200,1,1,50,20837,14619,0,020929
0,0,0,0,200,1,1,50,20837,14819,0,021130
0,0,0,0,200,1,1,50,20837,15019,0,021331
0,0,0,0,200,1,1,50,20837,15219,0,021530
0,0,0,0,200,1,1,50,20837,15419,0,021730
0,0,0,0,200,1,1,50,20837,15619,0,021932
0,0,0,0,200,1,1,50,20837,15819,0,022132
0,0,0,0,200,1,1,50,20837,16019,0,022332
0,0,0,0,200,1,1,50,20837,16219,0,022520
0,0,0,0,200,1,1,50,20837,16419,0,022720
0,0,0,0,200,1,1,50,20837,16619,0,022921
0,0,0,0,200,1,1,50,20837,16819,0,023118
0,0,0,0,200,1,1,50,20837,17019,0,023326
0,0,0,0,200,1,1,50,20837,17219,0,023526
0,0,0,0,200,1,1,50,20837,17419,0,023728
0,0,0,0,200,1,0,50,20837,17543,0,023884
0,0,0,0,200,1,0,50,23813,17592,0,023918
0,0,0,0,200,1,0,50,23844,17626,0,023935
0,0,0,0,200,1,0,50,23844,17826,0,024135
0,0,0,0,200,1,0,50,23844,18026,0,024335
0,0,0,0,200,1,0,50,23844,18226,0,024536
0,0,0,0,200,1,0,50,23844,18426,0,024734
0,0,0,0,200,0,0,50,23844,18547,0,024886
0,0,0,0,200,0,0,50,24814,18593,0,024922
0,0,0,0,200,0,0,50,24845,18627,0,024940
0,0,0,0,200,0,0,50,24845,18827,0,025125
0,0,0,0,200,0,0,50,24845,19027,0,025325
0,0,1,0,200,0,0,50,24845,19158,0,025493
0,0,0,0,200,0,0,50,24845,19160,0,025577
0,0,0,0,200,1,0,40,25493,19274,0,025610
0,0,0,0,200,1,0,40,25524,19307,0,025628
0,0,0,0,200,1,0,40,25524,19507,0,025811
0,0,0,0,200,1,0,40,25524,19707,0,026011
0,0,0,0,200,1,0,40,25524,19907,0,026211
0,0,0,0,200,1,0,40,25524,20107,0,026413
0,0,0,0,200,1,1,40,25524,20276,0,026611
0,0,0,0,200,1,1,40,26539,20318,0,026647
0,0,0,0,200,1,1,40,26570,20353,0,026663
0,0,0,0,200,1,1,40,26570,20553,0,026863
0,0,0,0,200,1,1,40,26570,20753,0,027050
0,0,0,0,200,1,1,40,26570,20953,0,027255
0,0,0,0,200,1,1,40,26570,21153,0,027455
0,0,0,0,200,1,1,40,26570,21353,0,027655
0,0,0,0,200,1,1,40,26570,21553,0,027855
0,0,0,0,200,1,1,40,26570,21753,0,028052
0,0,0,0,200,1,1,40,26570,21953,0,028261
0,0,0,0,200,1,1,40,26570,22153,0,028461
0,0,0,0,200,1,1,40,26570,22353,0,028661
0,0,0,0,200,1,1,40,26570,22553,0,028860
0,0,0,0,200,1,1,40,26570,22753,0,029063
0,0,0,0,200,1,1,40,26570,22953,0,029261
0,0,0,0,200,1,1,40,26570,23153,0,029463
0,0,0,0,200,1,0,40,26570,23274,0,029607
0,0,0,0,200,1,0,40,29535,23314,0,029641
0,0,0,0,200,1,0,40,29566,23349,0,029669
0,0,0,0,200,1,0,40,29566,23549,0,029847
0,0,0,0,200,1,0,40,29566,23749,0,030047
0,0,0,0,200,1,0,40,29566,23949,0,030247
0,0,0,0,200,1,0,40,29566,24150,0,030448
0,0,0,0,200,0,0,40,29566,24278,0,030610
0,0,0,0,200,0,0,40,30537,24315,0,030647
0,0,0,0,200,0,0,40,30568,24350,0,030664
0,0,0,0,200,0,0,40,30568,24550,0,030848
0,0,0,0,200,0,0,40,30568,24750,0,031049
0,0,0,0,200,0,0,40,30568,24950,0,031251
0,0,0,0,200,0,0,40,30568,25150,0,031450
0,0,0,0,200,0,0,40,30568,25350,0,031684
0,0,1,0,200,0,0,40,30568,25351,0,031717
0,0,0,0,200,0,0,40,30568,25358,0,031801
0,0,0,0,200,1,0,30,31717,25498,0,031835
0,0,0,0,200,1,0,30,31749,25531,0,031852
0,0,0,0,200,1,0,30,31749,25731,0,032035
0,0,0,0,200,1,0,30,31749,25931,0,032237
0,0,0,0,200,1,0,30,31749,26131,0,032438
0,0,0,0,200,1,0,30,31749,26331,0,032639
0,0,0,0,200,1,1,30,31749,26504,0,032847
0,0,0,0,200,1,1,30,32774,26554,0,032882
0,0,0,0,200,1,1,30,32805,26589,0,032898
0,0,0,0,200,1,1,30,32805,26789,0,033098
0,0,0,0,200,1,1,30,32805,26989,0,033299
0,0,0,0,200,1,1,30,32805,27189,0,033501
0,0,0,0,200,1,1,30,32805,27389,0,033702
0,0,0,0,200,1,1,30,32805,27589,0,033887
0,0,0,0,200,1,1,30,32805,27789,0,034086
0,0,0,0,200,1,1,30,32805,27990,0,034288
0,0,0,0,200,1,1,30,32805,28190,0,034488
0,0,0,0,200,1,1,30,32805,28390,0,034688
0,0,0,0,200,1,1,30,32805,28590,0,034889
0,0,0,0,200,1,1,30,32805,28790,0,035095
0,0,0,0,200,1,1,30,32805,28990,0,035297
0,0,0,0,200,1,1,30,32805,29190,0,035495
0,0,0,0,200,1,1,30,32805,29390,0,035697
0,0,0,0,200,1,0,30,32805,29510,0,035841
0,0,0,0,200,1,0,30,35770,29549,0,035876
0,0,0,0,200,1,0,30,35801,29584,0,035892
0,0,0,0,200,1,0,30,35801,29784,0,036104
0,0,0,0,200,1,0,30,35801,29984,0,036298
0,0,0,0,200,1,0,30,35801,30184,0,036481
0,0,0,0,200,1,0,30,35801,30384,0,036682
0,0,0,0,200,0,0,30,35801,30496,0,036831
0,0,0,0,200,0,0,30,36758,30537,0,036866
0,0,0,0,200,0,0,30,36789,30572,0,036882
0,0,0,0,200,0,0,30,36789,30772,0,037083
0,0,0,0,200,0,0,30,36789,30972,0,037282
0,0,0,0,200,0,0,30,36789,31172,0,037483
0,0,0,0,200,0,0,30,36789,31372,0,037682
0,0,0,0,200,0,0,30,36789,31572,0,037883
0,0,0,0,200,0,0,30,36789,31772,0,038070
0,0,0,0,200,0,0,30,36789,31972,0,038282
0,0,0,0,200,0,0,30,36789,32172,0,038482
0,0,0,0,200,0,0,30,36789,32372,0,038683
0,0,0,0,200,0,0,30,36789,32572,0,038872
0,0,0,0,200,0,0,30,36789,32772,0,039075
0,0,0,0,200,0,0,30,36789,32972,0,039276
0,0,0,0,200,0,0,30,36789,33172,0,039475
0,0,0,0,200,0,0,30,36789,33372,0,039675
0,0,0,0,200,0,0,30,36789,33572,0,039874
0,0,0,0,200,0,0,30,36789,33772,0,040074
0,0,0,0,200,0,0,30,36789,33972,0,040271
0,0,0,0,200,0,0,30,36789,34172,0,040475
0,0,0,0,200,0,0,30,36789,34372,0,040674
0,0,0,0,200,0,0,30,36789,34572,0,040875
0,0,0,0,200,0,0,30,36789,34772,0,041075
0,0,0,0,200,0,0,30,36789,34972,0,041278
0,0,0,0,200,0,0,30,36789,35172,0,041483
0,0,0,0,200,0,0,30,36789,35372,0,041682
0,0,0,0,200,0,0,30,36789,35572,0,041883
0,0,0,0,200,0,0,30,36789,35772,0,042071
0,0,0,0,200,0,0,30,36789,35972,0,042284
0,0,0,0,200,0,0,30,36789,36172,0,042483
0,0,0,0,200,0,0,30,36789,36372,0,042685
0,0,0,0,200,0,0,30,36789,36572,0,042868
0,0,0,0,200,0,0,30,36789,36772,0,043085
0,0,0,0,200,0,0,30,36789,36972,0,043271
0,0,0,0,200,0,0,30,36789,37172,0,043472
0,0,0,0,200,0,0,30,36789,37372,0,043671
0,0,0,0,200,0,0,30,36789,37572,0,043872
0,0,0,0,200,0,0,30,36789,37772,0,044072
0,0,0,0,200,0,0,30,36789,37972,0,044274
0,0,0,0,200,0,0,30,36789,38172,0,044473
0,0,0,0,200,0,0,30,36789,38372,0,044673
0,0,0,0,200,0,0,30,36789,38572,0,044873
0,0,0,0,200,0,0,30,36789,38772,0,045074
0,0,0,0,200,0,0,30,36789,38972,0,045279
0,0,0,0,200,0,0,30,36789,39172,0,045483
0,0,0,0,200,0,0,30,36789,39372,0,045686
0,0,0,0,200,0,0,30,36789,39572,0,045872
0,0,0,0,200,0,0,30,36789,39772,0,046072
0,0,0,0,200,0,0,30,36789,39972,0,046273
0,0,0,0,200,0,0,30,36789,40172,0,046473
0,0,0,0,200,0,0,30,36789,40372,0,046672
0,0,0,0,200,0,0,30,36789,40572,0,046872
0,0,0,0,200,0,0,30,36789,40772,0,047088
0,0,0,0,200,0,0,30,36789,40972,0,047280
0,0,0,0,200,0,0,30,36789,41172,0,047470
0,0,0,0,200,0,0,30,36789,41372,0,047671
0,0,0,0,200,0,0,30,36789,41572,0,047872
0,0,0,0,200,0,0,30,36789,41772,0,048071
0,0,0,0,200,0,0,30,36789,41972,0,048271
0,0,0,0,200,0,0,30,36789,42172,0,048472
0,0,0,0,200,0,0,30,36789,42372,0,048671
0,0,0,0,200,0,0,30,36789,42572,0,048870
0,0,0,0,200,0,0,30,36789,42772,0,049070
0,0,0,0,200,0,0,30,36789,42972,0,049271
0,0,0,0,200,0,0,30,36789,43172,0,049471
0,0,0,0,200,0,0,30,36789,43372,0,049671
0,0,0,0,200,0,0,30,36789,43572,0,049872
0,0,0,0,200,0,0,30,36789,43772,0,050072
0,0,0,0,200,0,0,30,36789,43972,0,050272
0,0,0,0,200,0,0,30,36789,44172,0,050472
0,0,0,0,200,0,0,30,36789,44372,0,050672
0,0,0,0,200,0,0,30,36789,44572,0,050873
0,0,0,0,200,0,0,30,36789,44772,0,051073
0,0,0,0,200,0,0,30,36789,44972,0,051272
0,0,0,0,200,0,0,30,36789,45172,0,051473
0,0,0,0,200,0,0,30,36789,45372,0,051674
0,0,0,0,200,0,0,30,36789,45572,0,051872
0,0,0,0,200,0,0,30,36789,45772,0,052073
0,0,0,0,200,0,0,30,36789,45972,0,052272
0,0,0,0,200,0,0,30,36789,46172,0,052472
0,0,0,0,200,0,0,30,36789,46372,0,052676
0,0,0,0,200,0,0,30,36789,46572,0,052875
0,0,0,0,200,0,0,30,36789,46772,0,053075
0,0,0,0,200,0,0,30,36789,46972,0,053277
0,0,0,0,200,0,0,30,36789,47172,0,053476
0,0,0,0,200,0,0,30,36789,47372,0,053676
0,0,0,0,200,0,0,30,36789,47572,0,053874
0,0,1,0,200,0,0,30,36789,47686,0,054022
0,0,0,0,200,0,0,30,36789,47688,0,054094
0,0,0,0,200,1,0,20,54022,47804,0,054130
0,0,0,0,200,1,0,20,54053,47836,0,054145
0,0,0,0,200,1,0,20,54053,48036,0,054344
0,0,0,0,200,1,0,20,54053,48236,0,054547
0,0,0,0,200,1,0,20,54053,48436,0,054750
0,0,0,0,200,1,0,20,54053,48636,0,054950
0,0,0,0,200,1,1,20,54053,48811,0,055143
0,0,0,0,200,1,1,20,55069,48848,0,055178
0,0,0,0,200,1,1,20,55100,48882,0,055194
0,0,0,0,200,1,1,20,55100,49082,0,055394
0,0,0,0,200,1,1,20,55100,49282,0,055593
0,0,0,0,200,1,1,20,55100,49482,0,055795
0,0,0,0,200,1,1,20,55100,49682,0,055979
0,0,0,0,200,1,1,20,55100,49882,0,056182
0,0,0,0,200,1,1,20,55100,50082,0,056383
0,0,0,0,200,1,1,20,55100,50282,0,056582
0,0,0,0,200,1,1,20,55100,50482,0,056782
0,0,0,0,200,1,1,20,55100,50682,0,056985
0,0,0,0,200,1,1,20,55100,50882,0,057190
0,0,0,0,200,1,1,20,55100,51082,0,057388
0,0,0,0,200,1,1,20,55100,51282,0,057590
0,0,0,0,200,1,1,20,55100,51482,0,057789
0,0,0,0,200,1,1,20,55100,51682,0,057988
0,0,0,0,200,1,0,20,55100,51802,0,058144
0,0,0,0,200,1,0,20,58072,51852,0,058179
0,0,0,0,200,1,0,20,58104,51887,0,058195
0,0,0,0,200,1,0,20,58104,52087,0,058395
0,0,0,0,200,1,0,20,58104,52287,0,058596
0,0,0,0,200,1,0,20,58104,52487,0,058796
0,0,0,0,200,1,0,20,58104,52687,0,058995
0,0,0,0,200,0,0,20,58104,52807,0,059146
0,0,0,0,200,0,0,20,59075,52854,0,059181
0,0,0,0,200,0,0,20,59105,52888,0,059198
0,0,0,0,200,0,0,20,59105,53088,0,059397
0,0,0,0,200,0,0,20,59105,53288,0,059598
0,0,0,0,200,0,0,20,59105,53488,0,059798
0,0,0,0,200,0,0,20,59105,53688,0,059999
0,0,0,0,200,0,0,20,59105,53888,0,060198
0,0,0,0,200,0,0,20,59105,54088,0,060398
0,0,0,0,200,0,0,20,59105,54288,0,060599
0,0,0,0,200,0,0,20,59105,54488,0,060799
0,0,0,0,200,0,0,20,59105,54688,0,060985
0,0,0,0,200,0,0,20,59105,54888,0,061187
0,0,0,0,200,0,0,20,59105,55088,0,061388
0,0,0,0,200,0,0,20,59105,55288,0,061588
0,0,0,0,200,0,0,20,59105,55488,0,061788
0,0,0,0,200,0,0,20,59105,55688,0,061988
0,0,0,0,200,0,0,20,59105,55888,0,062194
0,0,0,0,200,0,0,20,59105,56088,0,062394
0,0,0,0,200,0,0,20,59105,56288,0,062594
0,0,0,0,200,0,0,20,59105,56488,0,062794
0,0,0,0,200,0,0,20,59105,56688,0,062994
1,0,0,0,200,0,0,20,59105,56800,0,063127
0,0,0,0,200,0,0,20,59105,56801,0,063199
0,0,0,0,200,0,0,40,63127,56908,0,063233
0,0,0,0,200,0,0,40,63158,56941,0,063251
0,0,0,0,200,0,0,40,63158,57141,0,063450
0,0,0,0,200,0,0,40,63158,57341,0,063651
1,0,0,0,200,0,0,40,63158,57477,0,063818
0,0,0,0,200,0,0,40,63158,57479,0,063891
0,0,0,0,200,0,0,60,63818,57600,0,063927
0,0,0,0,200,0,0,60,63849,57631,0,063945
0,0,0,0,200,0,0,60,63849,57831,0,064132
0,0,0,0,200,0,0,60,63849,58031,0,064331
0,0,0,0,200,0,0,60,63849,58231,0,064532
0,0,0,0,200,0,0,60,63849,58431,0,064732
0,0,0,0,200,0,0,60,63849,58631,0,064931
0,0,0,0,200,0,0,60,63849,58831,0,065133
0,0,0,0,200,0,0,60,63849,59031,0,065332
0,0,0,0,200,0,0,60,63849,59231,0,065533
0,0,1,0,200,0,0,60,63849,59277,0,065615
0,0,0,0,200,0,0,60,63849,59279,0,065699
0,0,0,0,200,1,0,50,79,59397,0,065733
0,0,0,0,200,1,0,50,110,59428,0,065749
0,0,0,0,200,1,0,50,110,59628,0,065933
0,0,0,0,200,1,0,50,110,59828,0,066132
0,0,0,0,200,1,0,50,110,60028,0,066334
0,0,0,0,200,1,0,50,110,60228,0,066535
0,0,0,0,200,1,1,50,110,60396,0,066727
0,0,0,0,200,1,1,50,1118,60433,0,066764
0,0,0,0,200,1,1,50,1149,60468,0,066782
0,0,0,0,200,1,1,50,1149,60668,0,066968
0,0,0,0,200,1,1,50,1149,60868,0,067169
0,0,0,0,200,1,1,50,1149,61068,0,067366
0,0,0,0,200,1,1,50,1149,61268,0,067566
0,0,0,0,200,1,1,50,1149,61468,0,067766
0,0,0,0,200,1,1,50,1149,61668,0,067968
0,0,0,0,200,1,1,50,1149,61868,0,068168
0,0,0,0,200,1,1,50,1149,62068,0,068368
0,0,0,0,200,1,1,50,1149,62268,0,068569
0,0,0,0,200,1,1,50,1149,62468,0,068768
0,0,0,0,200,1,1,50,1149,62668,0,068969
0,0,0,0,200,1,1,50,1149,62868,0,069170
0,0,0,0,200,1,1,50,1149,63068,0,069374
0,0,0,0,200,1,1,50,1149,63268,0,069573
0,0,0,0,200,1,0,50,1149,63403,0,069742
0,0,0,0,200,1,0,50,4125,63439,0,069778
0,0,0,0,200,1,0,50,4156,63473,0,069793
0,0,0,0,200,1,0,50,4156,63673,0,069976
0,0,0,0,200,1,0,50,4156,63873,0,070177
0,0,0,0,200,1,0,50,4156,64073,0,070378
0,0,0,0,200,1,0,50,4156,64273,0,070579
0,0,0,0,200,0,0,50,4156,64407,0,070741
0,0,0,0,200,0,0,50,5130,64445,0,070775
0,0,0,0,200,0,0,50,5161,64480,0,070791
0,0,0,0,200,0,0,50,5161,64680,0,070981
0,0,0,0,200,0,0,50,5161,64880,0,071188
0,0,1,0,200,0,0,50,5161,65057,0,071382
0,0,0,0,200,0,0,50,5161,65059,0,071465
0,0,0,0,200,1,0,40,5846,65164,0,071498
0,0,0,0,200,1,0,40,5877,65197,0,071515
0,0,0,0,200,1,0,40,5877,65397,0,071698
0,0,0,0,200,1,0,40,5877,61,0,071902
0,0,0,0,200,1,0,40,5877,261,0,072102
0,0,0,0,200,1,0,40,5877,461,0,072304
0,0,0,0,200,1,1,40,5877,630,0,072503
0,0,0,0,200,1,1,40,6901,677,0,072539
0,0,0,0,200,1,1,40,6929,710,0,072556
0,0,0,0,200,1,1,40,6929,910,0,072739
0,0,0,0,200,1,1,40,6929,1110,0,072955
0,0,0,0,200,1,1,40,6929,1310,0,073156
0,0,0,0,200,1,1,40,6929,1510,0,073357
0,0,0,0,200,1,1,40,6929,1710,0,073556
0,0,0,0,200,1,1,40,6929,1910,0,073755
0,0,0,0,200,1,1,40,6929,2110,0,073941
0,0,0,0,200,1,1,40,6929,2310,0,074142
0,0,0,0,200,1,1,40,6929,2510,0,074342
0,0,0,0,200,1,1,40,6929,2710,0,074544
0,0,0,0,200,1,1,40,6929,2910,0,074744
0,0,0,0,200,1,1,40,6929,3110,0,074945
0,0,0,0,200,1,1,40,6929,3310,0,075145
0,0,0,0,200,1,1,40,6929,3510,0,075347
0,0,0,0,200,1,0,40,6929,3637,0,075504
0,0,0,0,200,1,0,40,9899,3677,0,075539
0,0,0,0,200,1,0,40,9928,3709,0,075554
0,0,0,0,200,1,0,40,9928,3909,0,075754
0,0,0,0,200,1,0,40,9928,4109,0,075942
0,0,0,0,200,1,0,40,9928,4310,0,076141
0,0,0,0,200,1,0,40,9928,4510,0,076353
0,0,0,0,200,0,0,40,9928,4631,0,076494
0,0,0,0,200,0,0,40,10888,4667,0,076528
0,0,0,0,200,0,0,40,10918,4700,0,076546
0,0,0,0,200,0,0,40,10918,4900,0,076745
0,0,0,0,200,0,0,40,10918,5100,0,076947
0,0,0,0,200,0,0,40,10918,5300,0,077132
0,0,0,0,200,0,0,40,10918,5500,0,077366
0,0,1,0,200,0,0,40,10918,5504,0,077400
0,0,0,0,200,0,0,40,10918,5507,0,077470
0,0,0,0,200,1,0,30,11864,5645,0,077521
0,0,0,0,200,1,0,30,11894,5676,0,077536
0,0,0,0,200,1,0,30,11894,5876,0,077721
0,0,0,0,200,1,0,30,11894,6076,0,077922
0,0,0,0,200,1,0,30,11894,6276,0,078124
0,0,0,0,200,1,0,30,11894,6476,0,078322
0,0,0,0,200,1,1,30,11894,6649,0,078516
0,0,0,0,200,1,1,30,12908,6686,0,078551
0,0,0,0,200,1,1,30,12938,6720,0,078569
0,0,0,0,200,1,1,30,12938,6920,0,078754
0,0,0,0,200,1,1,30,12938,7120,0,078954
0,0,0,0,200,1,1,30,12938,7320,0,079153
0,0,0,0,200,1,1,30,12938,7520,0,079353
0,0,0,0,200,1,1,30,12938,7720,0,079554
0,0,0,0,200,1,1,30,12938,7920,0,079757
0,0,0,0,200,1,1,30,12938,8120,0,079959
0,0,0,0,200,1,1,30,12938,8320,0,080151
0,0,0,0,200,1,1,30,12938,8520,0,080353
0,0,0,0,200,1,1,30,12938,8720,0,080554
0,0,0,0,200,1,1,30,12938,8920,0,080756
0,0,0,0,200,1,1,30,12938,9120,0,080961
0,0,0,0,200,1,1,30,12938,9320,0,081162
0,0,0,0,200,1,1,30,12938,9520,0,081362
0,0,0,0,200,1,0,30,12938,9655,0,081518
0,0,0,0,200,1,0,30,15912,9691,0,081553
0,0,0,0,200,1,0,30,15942,9723,0,081568
0,0,0,0,200,1,0,30,15942,9923,0,081770
0,0,0,0,200,1,0,30,15942,10123,0,081971
0,0,0,0,200,1,0,30,15942,10323,0,082172
0,0,0,0,200,1,0,30,15942,10523,0,082357
0,0,0,0,200,0,0,30,15942,10648,0,082515
0,0,0,0,200,0,0,30,16909,10687,0,082550
0,0,0,0,200,0,0,30,16939,10722,0,082567
0,0,0,0,200,0,0,30,16939,10923,0,082767
0,0,0,0,200,0,0,30,16939,11123,0,082966
0,0,0,0,200,0,0,30,16939,11323,0,083169
0,0,1,0,200,0,0,30,16939,11422,0,083285
0,0,0,0,200,0,0,30,16939,11424,0,083358
0,0,0,0,200,1,0,20,17750,11531,0,083392
0,0,0,0,200,1,0,20,17781,11563,0,083410
0,0,0,0,200,1,0,20,17781,11763,0,083614
0,0,0,0,200,1,0,20,17781,11963,0,083798
0,0,0,0,200,1,0,20,17781,12163,0,084002
0,0,0,0,200,1,0,20,17781,12363,0,084201
0,0,0,0,200,1,1,20,17781,12529,0,084409
0,0,0,0,200,1,1,20,18800,12579,0,084443
0,0,0,0,200,1,1,20,18832,12614,0,084467
0,0,0,0,200,1,1,20,18832,12814,0,084660
0,0,0,0,200,1,1,20,18832,13014,0,084860
0,0,0,0,200,1,1,20,18832,13214,0,085061
0,0,0,0,200,1,1,20,18832,13414,0,085259
0,0,0,0,200,1,1,20,18832,13614,0,085460
0,0,0,0,200,1,1,20,18832,13814,0,085660
0,0,0,0,200,1,1,20,18832,14014,0,085859
0,0,0,0,200,1,1,20,18832,14214,0,086051
0,0,0,0,200,1,1,20,18832,14414,0,086253
0,0,0,0,200,1,1,20,18832,14614,0,086451
0,0,0,0,200,1,1,20,18832,14814,0,086651
0,0,0,0,200,1,1,20,18832,15014,0,086851
0,0,0,0,200,1,1,20,18832,15214,0,087053
0,0,0,0,200,1,1,20,18832,15414,0,087253
0,0,0,0,200,1,0,20,18832,15531,0,087396
0,0,0,0,200,1,0,20,21788,15567,0,087430
0,0,0,0,200,1,0,20,21819,15602,0,087448
0,0,0,0,200,1,0,20,21819,15802,0,087649
0,0,0,0,200,1,0,20,21819,16002,0,087835
0,0,0,0,200,1,0,20,21819,16202,0,088035
0,0,0,0,200,1,0,20,21819,16402,0,088235
0,0,0,0,200,0,0,20,21819,16529,0,088396
0,0,0,0,200,0,0,20,22787,16567,0,088432
0,0,0,0,200,0,0,20,22819,16601,0,088448
0,0,0,0,200,0,0,20,22819,16801,0,088648
0,0,1,0,200,0,0,20,22819,16980,0,088847
0,0,0,0,200,0,0,20,22819,16983,0,088918
0,0,0,0,200,1,0,10,23311,17092,0,088969
0,0,0,0,200,1,0,10,23342,17125,0,088986
0,0,0,0,200,1,0,10,23342,17325,0,089171
0,0,0,0,200,1,0,10,23342,17525,0,089371
0,0,0,0,200,1,0,10,23342,17725,0,089571
0,0,0,0,200,1,0,10,23342,17925,0,089770
0,0,0,0,200,1,1,10,23342,18099,0,089966
0,0,0,0,200,1,1,10,24359,18138,0,090001
0,0,0,0,200,1,1,10,24389,18171,0,090019
0,0,0,0,200,1,1,10,24389,18371,0,090219
0,0,0,0,200,1,1,10,24389,18571,0,090418
0,0,0,0,200,1,1,10,24389,18771,0,090605
0,0,0,0,200,1,1,10,24389,18971,0,090812
0,0,0,0,200,1,1,10,24389,19171,0,091012
0,0,0,0,200,1,1,10,24389,19371,0,091213
0,0,0,0,200,1,1,10,24389,19571,0,091412
0,0,0,0,200,1,1,10,24389,19771,0,091614
0,0,0,0,200,1,1,10,24389,19971,0,091813
0,0,0,0,200,1,1,10,24389,20171,0,092014
0,0,0,0,200,1,1,10,24389,20371,0,092214
0,0,0,0,200,1,1,10,24389,20571,0,092413
0,0,0,0,200,1,1,10,24389,20771,0,092614
0,0,0,0,200,1,1,10,24389,20971,0,092815
0,0,0,0,200,1,0,10,24389,21091,0,092978
0,0,0,0,200,1,0,10,27363,21142,0,093014
0,0,0,0,200,1,0,10,27394,21176,0,093031
0,0,0,0,200,1,0,10,27394,21376,0,093214
0,0,0,0,200,1,0,10,27394,21576,0,093418
0,0,0,0,200,1,0,10,27394,21776,0,093617
0,0,0,0,200,1,0,10,27394,21976,0,093819
0,0,0,0,200,0,0,10,27394,22094,0,093963
0,0,0,0,200,0,0,10,28356,22134,0,093998
0,0,0,0,200,0,0,10,28386,22169,0,094014
0,0,0,0,200,0,0,10,28386,22369,0,094215
0,0,1,0,200,0,0,10,28386,22558,0,094432
0,0,0,0,200,0,0,10,28386,22560,0,094501
0,0,0,0,200,1,0,0,28896,22676,0,094553
0,0,0,0,200,1,0,0,28926,22708,0,094570
0,0,0,0,200,1,0,0,28926,22908,0,094766
0,0,0,0,200,1,0,0,28926,23108,0,094940
0,0,0,0,200,1,0,0,28926,23308,0,095141
0,0,0,0,200,1,0,0,28926,23508,0,095344
0,0,0,0,200,1,1,0,28926,23675,0,095540
0,0,0,0,200,1,1,0,29934,23712,0,095574
0,0,0,0,200,1,1,0,29964,23746,0,095593
0,0,0,0,200,1,1,0,29964,23946,0,095778
0,0,0,0,200,1,1,0,29964,24146,0,095995
0,0,0,0,200,1,1,0,29964,24346,0,096194
0,0,0,0,200,1,1,0,29964,24546,0,096378
0,0,0,0,200,1,1,0,29964,24747,0,096595
0,0,0,0,200,1,1,0,29964,24947,0,096786
0,0,0,0,200,1,1,0,29964,25147,0,096985
1,0,0,0,200,1,1,0,29964,25312,0,097185
0,0,0,0,200,1,1,0,29964,25313,0,097256
0,0,0,0,200,1,1,20,31650,25431,0,097308
0,0,0,0,200,1,1,20,31681,25463,0,097325
0,0,0,0,200,1,1,20,31681,25663,0,097507
0,0,0,0,200,1,1,20,31681,25863,0,097726
1,0,0,0,200,1,1,20,31681,25870,0,097759
0,0,0,0,200,1,1,20,31681,25872,0,097831
0,0,0,0,200,1,1,40,32224,26005,0,097881
0,0,0,0,200,1,1,40,32255,26038,0,097899
0,0,0,0,200,1,1,40,32255,26238,0,098082
0,0,0,0,200,1,1,40,32255,26438,0,098282
1,0,0,0,200,1,1,40,32255,26484,0,098360
0,0,0,0,200,1,1,40,32255,26485,0,098432
0,0,0,0,200,1,1,60,32825,26606,0,098471
0,0,0,0,200,1,1,60,32856,26638,0,098505
0,0,0,0,200,1,0,60,32856,26676,0,098521
0,0,0,0,200,1,0,60,32856,26876,0,098723
0,0,0,0,200,1,0,60,32856,27076,0,098926
0,0,0,0,200,1,0,60,32856,27276,0,099112
0,0,0,0,200,1,0,60,32856,27476,0,099311
0,0,0,0,200,1,0,60,32856,27676,0,099556
0,0,0,0,200,0,0,60,32856,27688,0,099573
0,0,0,0,200,0,0,60,33950,27729,0,099606
0,0,0,0,200,0,0,60,33981,27763,0,099623
0,0,0,0,200,0,0,60,33981,27963,0,099806
0,0,0,0,200,0,0,60,33981,28163,0,0100007
0,0,0,0,200,0,0,60,33981,28363,0,0100209
0,0,1,0,200,0,0,60,33981,28530,0,0100394
0,0,0,0,200,0,0,60,33981,28532,0,0100543
0,0,0,0,200,1,0,50,34858,28640,0,0100560
0,0,0,0,200,1,0,50,34923,28703,0,0100577
0,0,0,0,200,1,0,50,34923,28903,0,0100745
0,0,0,0,200,1,0,50,34923,29103,0,0100947
0,0,0,0,200,1,0,50,34923,29303,0,0101146
0,0,0,0,200,1,0,50,34923,29503,0,0101348
0,0,0,0,200,1,1,50,34923,29642,0,0101610
0,0,0,0,200,1,1,50,35937,29718,0,0101628
0,0,0,0,200,1,1,50,36002,29783,0,0101644
0,0,0,0,200,1,1,50,36002,29983,0,0101828
0,0,0,0,200,1,1,50,36002,30183,0,0102028
0,0,0,0,200,1,1,50,36002,30383,0,0102228
0,0,0,0,200,1,1,50,36002,30583,0,0102428
0,0,0,0,200,1,1,50,36002,30783,0,0102630
0,0,0,0,200,1,1,50,36002,30983,0,0102829
0,0,0,0,200,1,1,50,36002,31183,0,0103029
0,0,0,0,200,1,1,50,36002,31383,0,0103230
0,0,0,0,200,1,1,50,36002,31583,0,0103431
0,0,0,0,200,1,1,50,36002,31783,0,0103632
0,0,0,0,200,1,1,50,36002,31983,0,0103832
0,0,0,0,200,1,1,50,36002,32183,0,0104019
0,0,0,0,200,1,1,50,36002,32384,0,0104220
0,0,0,0,200,1,1,50,36002,32584,0,0104486
0,0,0,0,200,1,0,50,36002,32650,0,0104626
0,0,0,0,200,1,0,50,38950,32730,0,0104643
0,0,0,0,200,1,0,50,39015,32795,0,0104659
0,0,0,0,200,1,0,50,39015,32995,0,0104842
0,0,0,0,200,1,0,50,39015,33195,0,0105043
0,0,0,0,200,1,0,50,39015,33395,0,0105243
0,0,0,0,200,1,0,50,39015,33595,0,0105472
0,0,0,0,200,0,0,50,39015,33642,0,0105620
0,0,0,0,200,0,0,50,39936,33717,0,0105637
0,0,0,0,200,0,0,50,40002,33782,0,0105656
0,0,0,0,200,0,0,50,40002,33982,0,0105825
0,0,0,0,200,0,0,50,40002,34182,0,0106025
0,0,1,0,200,0,0,50,40002,34321,0,0106192
0,0,0,0,200,0,0,50,40002,34323,0,0106329
0,0,0,0,200,1,0,40,40656,34439,0,0106346
0,0,0,0,200,1,0,40,40722,34501,0,0106362
0,0,0,0,200,1,0,40,40722,34701,0,0106546
0,0,0,0,200,1,0,40,40722,34902,0,0106749
0,0,0,0,200,1,0,40,40722,35102,0,0106950
0,0,0,0,200,1,0,40,40722,35302,0,0107149
0,0,0,0,200,1,1,40,40722,35445,0,0107283
0,0,0,0,200,1,1,40,41747,35527,0,0107373
0,0,0,0,200,1,1,40,41747,35727,0,0107572
0,0,0,0,200,1,1,40,41747,35927,0,0107775
0,0,0,0,200,1,1,40,41747,36127,0,0107971
0,0,0,0,200,1,1,40,41747,36327,0,0108172
0,0,0,0,200,1,1,40,41747,36527,0,0108373
0,0,0,0,200,1,1,40,41747,36727,0,0108573
0,0,0,0,200,1,1,40,41747,36927,0,0108773
0,0,0,0,200,1,1,40,41747,37127,0,0108960
0,0,0,0,200,1,1,40,41747,37327,0,0109176
0,0,0,0,200,1,1,40,41747,37527,0,0109377
0,0,0,0,200,1,1,40,41747,37727,0,0109560
0,0,0,0,200,1,1,40,41747,37927,0,0109762
0,0,0,0,200,1,1,40,41747,38127,0,0109964
0,0,0,0,200,1,1,40,41747,38327,0,0110164
0,0,0,0,200,1,0,40,41747,38443,0,0110419
0,0,0,0,200,1,0,40,44735,38516,0,0110436
0,0,0,0,200,1,0,40,44801,38581,0,0110454
0,0,0,0,200,1,0,40,44801,38781,0,0110619
0,0,0,0,200,1,0,40,44801,38981,0,0110818
0,0,0,0,200,1,0,40,44801,39181,0,0111020
0,0,0,0,200,1,0,40,44801,39382,0,0111289
0,0,0,0,200,0,0,40,44801,39447,0,0111425
0,0,0,0,200,0,0,40,45753,39533,0,0111444
0,0,0,0,200,0,0,40,45818,39599,0,0111461
0,0,0,0,200,0,0,40,45818,39799,0,0111645
0,0,0,0,200,0,0,40,45818,39999,0,0111846
0,0,1,0,200,0,0,40,45818,40089,0,0111963
0,0,0,0,200,0,0,40,45818,40091,0,0112100
0,0,0,0,200,1,0,30,46427,40209,0,0112117
0,0,0,0,200,1,0,30,46491,40272,0,0112135
0,0,0,0,200,1,0,30,46491,40472,0,0112317
0,0,0,0,200,1,0,30,46491,40672,0,0112518
0,0,0,0,200,1,0,30,46491,40872,0,0112717
0,0,0,0,200,1,0,30,46491,41072,0,0112919
0,0,0,0,200,1,1,30,46491,41212,0,0113178
0,0,0,0,200,1,1,30,47506,41286,0,0113196
0,0,0,0,200,1,1,30,47571,41351,0,0113212
0,0,0,0,200,1,1,30,47571,41551,0,0113396
0,0,0,0,200,1,1,30,47571,41751,0,0113599
0,0,0,0,200,1,1,30,47571,41951,0,0113800
0,0,0,0,200,1,1,30,47571,42151,0,0113999
0,0,0,0,200,1,1,30,47571,42351,0,0114200
0,0,0,0,200,1,1,30,47571,42551,0,0114386
0,0,0,0,200,1,1,30,47571,42752,0,0114586
0,0,0,0,200,1,1,30,47571,42952,0,0114786
0,0,0,0,200,1,1,30,47571,43152,0,0114986
0,0,0,0,200,1,1,30,47571,43352,0,0115185
0,0,0,0,200,1,1,30,47571,43552,0,0115389
0,0,0,0,200,1,1,30,47571,43752,0,0115586
0,0,0,0,200,1,1,30,47571,43952,0,0115788
0,0,0,0,200,1,1,30,47571,44152,0,0116059
0,0,0,0,200,1,0,30,47571,44218,0,0116208
0,0,0,0,200,1,0,30,50523,44304,0,0116226
0,0,0,0,200,1,0,30,50589,44369,0,0116243
0,0,0,0,200,1,0,30,50589,44569,0,0116409
0,0,0,0,200,1,0,30,50589,44769,0,0116615
0,0,0,0,200,1,0,30,50589,44969,0,0116816
0,0,0,0,200,1,0,30,50589,45169,0,0117038
0,0,0,0,200,0,0,30,50589,45210,0,0117177
0,0,0,0,200,0,0,30,51502,45282,0,0117195
0,0,0,0,200,0,0,30,51567,45347,0,0117212
0,0,0,0,200,0,0,30,51567,45547,0,0117394
0,0,0,0,200,0,0,30,51567,45747,0,0117586
0,0,0,0,200,0,0,30,51567,45947,0,0117786
0,0,1,0,200,0,0,30,51567,46068,0,0117935
0,0,0,0,200,0,0,30,51567,46070,0,0118074
0,0,0,0,200,1,0,20,52399,46182,0,0118091
0,0,0,0,200,1,0,20,52465,46244,0,0118109
0,0,0,0,200,1,0,20,52465,46444,0,0118292
0,0,0,0,200,1,0,20,52465,46644,0,0118492
0,0,0,0,200,1,0,20,52465,46844,0,0118691
0,0,0,0,200,1,0,20,52465,47044,0,0118891
0,0,0,0,200,1,1,20,52465,47186,0,0119020
0,0,0,0,200,1,1,20,53484,47264,0,0119113
0,0,0,0,200,1,1,20,53484,47464,0,0119312
0,0,0,0,200,1,1,20,53484,47664,0,0119512
0,0,0,0,200,1,1,20,53484,47864,0,0119714
0,0,0,0,200,1,1,20,53484,48064,0,0119912
0,0,0,0,200,1,1,20,53484,48264,0,0120111
0,0,0,0,200,1,1,20,53484,48464,0,0120312
0,0,0,0,200,1,1,20,53484,48664,0,0120511
0,0,0,0,200,1,1,20,53484,48864,0,0120712
0,0,0,0,200,1,1,20,53484,49064,0,0120899
0,0,0,0,200,1,1,20,53484,49264,0,0121105
0,0,0,0,200,1,1,20,53484,49464,0,0121305
0,0,0,0,200,1,1,20,53484,49664,0,0121504
0,0,0,0,200,1,1,20,53484,49864,0,0121704
0,0,0,0,200,1,1,20,53484,50064,0,0121904
0,0,0,0,200,1,0,20,53484,50182,0,0122152
0,0,0,0,200,1,0,20,56474,50255,0,0122170
0,0,0,0,200,1,0,20,56540,50321,0,0122185
0,0,0,0,200,1,0,20,56540,50521,0,0122370
0,0,0,0,200,1,0,20,56540,50721,0,0122569
0,0,0,0,200,1,0,20,56540,50921,0,0122771
0,0,0,0,200,1,0,20,56540,51121,0,0123021
0,0,0,0,200,0,0,20,56540,51180,0,0123169
0,0,0,0,200,0,0,20,57486,51266,0,0123186
0,0,0,0,200,0,0,20,57551,51331,0,0123205
0,0,0,0,200,0,0,20,57551,51531,0,0123372
0,0,0,0,200,0,0,20,57551,51731,0,0123570
0,0,0,0,200,0,0,20,57551,51931,0,0123804
0,0,1,0,200,0,0,20,57551,51951,0,0123837
0,0,0,0,200,0,0,20,57551,51953,0,0123985
0,0,0,0,200,1,0,10,58302,52084,0,0124003
0,0,0,0,200,1,0,10,58367,52147,0,0124019
0,0,0,0,200,1,0,10,58367,52347,0,0124184
0,0,0,0,200,1,0,10,58367,52547,0,0124388
0,0,0,0,200,1,0,10,58367,52747,0,0124588
0,0,0,0,200,1,0,10,58367,52947,0,0124791
0,0,0,0,200,1,1,10,58367,53085,0,0125051
0,0,0,0,200,1,1,10,59376,53156,0,0125069
0,0,0,0,200,1,1,10,59442,53222,0,0125085
0,0,0,0,200,1,1,10,59442,53422,0,0125268
0,0,0,0,200,1,1,10,59442,53622,0,0125470
0,0,0,0,200,1,1,10,59442,53822,0,0125670
0,0,0,0,200,1,1,10,59442,54022,0,0125869
0,0,0,0,200,1,1,10,59442,54222,0,0126070
0,0,0,0,200,1,1,10,59442,54422,0,0126269
0,0,0,0,200,1,1,10,59442,54622,0,0126469
0,0,0,0,200,1,1,10,59442,54822,0,0126669
0,0,0,0,200,1,1,10,59442,55022,0,0126870
0,0,0,0,200,1,1,10,59442,55222,0,0127055
0,0,0,0,200,1,1,10,59442,55422,0,0127271
0,0,0,0,200,1,1,10,59442,55622,0,0127471
0,0,0,0,200,1,1,10,59442,55822,0,0127671
0,0,0,0,200,1,1,10,59442,56022,0,0127920
0,0,0,0,200,1,0,10,59442,56084,0,0128069
0,0,0,0,200,1,0,10,62385,56165,0,0128087
0,0,0,0,200,1,0,10,62450,56230,0,0128106
0,0,0,0,200,1,0,10,62450,56430,0,0128270
0,0,0,0,200,1,0,10,62450,56630,0,0128472
0,0,0,0,200,1,0,10,62450,56830,0,0128673
0,0,0,0,200,1,0,10,62450,57030,0,0128913
0,0,0,0,200,0,0,10,62450,57084,0,0129049
0,0,0,0,200,0,0,10,63377,57157,0,0129067
0,0,0,0,200,0,0,10,63441,57223,0,0129083
0,0,0,0,200,0,0,10,63441,57423,0,0129267
0,0,0,0,200,0,0,10,63441,57623,0,0129469
0,0,1,0,200,0,0,10,63441,57821,0,0129686
0,0,0,0,200,0,0,10,63441,57822,0,0129758
0,0,0,0,200,1,0,0,64150,57931,0,0129792
0,0,0,0,200,1,0,0,64181,57964,0,0129808
0,0,0,0,200,1,0,0,64181,58164,0,0130009
0,0,0,0,200,1,0,0,64181,58364,0,0130209
0,0,0,0,200,1,0,0,64181,58564,0,0130410
0,0,0,0,200,1,0,0,64181,58764,0,0130596
0,0,0,0,200,1,1,0,64181,58941,0,0130810
0,0,0,0,200,1,1,0,65202,58981,0,0130846
0,0,0,0,200,1,1,0,65233,59016,0,0130862
0,0,0,0,200,1,1,0,65233,59216,0,0131063
0,0,0,0,200,1,1,0,65233,59416,0,0131262
0,0,0,0,200,1,1,0,65233,59616,0,0131463
0,0,0,0,200,1,1,0,65233,59816,0,0131663
0,0,0,0,200,1,1,0,65233,60016,0,0131862
0,0,0,0,200,1,1,0,65233,60216,0,0132063
0,0,0,0,200,1,1,0,65233,60416,0,0132248
0,0,0,0,200,1,1,0,65233,60616,0,0132448
0,0,0,0,200,1,1,0,65233,60816,0,0132648
0,0,0,0,200,1,1,0,65233,61016,0,0132849
0,0,0,0,200,1,1,0,65233,61216,0,0133053
0,0,0,0,200,1,1,0,65233,61416,0,0133254
0,0,0,0,200,1,1,0,65233,61616,0,0133454
0,0,0,0,200,1,1,0,65233,61816,0,0133654
0,0,0,0,200,1,0,0,65233,61932,0,0133801
0,0,0,0,200,1,0,0,2657,61972,0,0133834
0,0,0,0,200,1,0,0,2688,62007,0,0133850
0,0,0,0,200,1,0,0,2688,62208,0,0134051
0,0,0,0,200,1,0,0,2688,62408,0,0134252
0,0,0,0,200,1,0,0,2688,62608,0,0134439
0,0,0,0,200,1,0,0,2688,62808,0,0134651
0,0,0,0,200,0,0,0,2688,62945,0,0134814
0,0,0,0,200,0,0,0,3670,62986,0,0134849
0,0,0,0,200,0,0,0,3701,63020,0,0134865
0,0,0,0,200,0,0,0,3701,63220,0,0135067
0,0,0,0,200,0,0,0,3701,63420,0,0135257
0,0,0,0,200,0,0,0,3701,63620,0,0135459
0,0,0,0,200,0,0,0,3701,63820,0,0135657
0,0,0,0,200,0,0,0,3701,64020,0,0135859
0,0,0,0,200,0,0,0,3701,64220,0,0136061
0,0,0,0,200,0,0,0,3701,64420,0,0136260
0,0,0,0,200,0,0,0,3701,64620,0,0136462
0,0,0,0,200,0,0,0,3701,64820,0,0136665
0,0,0,0,200,0,0,0,3701,65020,0,0136865
1,0,0,0,200,0,0,0,3701,65193,0,0137065
0,0,0,0,200,0,0,0,3701,65196,0,0137204
0,0,0,0,200,0,0,20,5993,65311,0,0137222
0,0,0,0,200,0,0,20,6058,65375,0,0137239
0,0,0,0,200,0,0,20,6058,39,0,0137409
0,0,0,0,200,0,0,20,6058,239,0,0137610
1,0,0,0,200,0,0,20,6058,340,0,0137743
0,0,0,0,200,0,0,20,6058,343,0,0137824
0,0,0,0,200,0,0,40,6671,452,0,0137860
0,0,0,0,200,0,0,40,6701,483,0,0137876
0,0,0,0,200,0,0,40,6701,683,0,0138062
1,0,0,0,200,0,0,40,6701,876,0,0138278
0,0,0,0,200,0,0,40,6701,878,0,0138348
0,0,0,0,200,0,0,60,7206,987,0,0138414
0,0,0,0,200,0,0,60,7236,1018,0,0138421
0,0,0,0,200,0,0,60,7236,1218,0,0138590
1,0,0,0,200,0,0,60,7236,1385,0,0138788
0,0,0,0,200,0,0,60,7236,1387,0,0138861
0,0,0,0,200,0,0,80,7717,1499,0,0138895
0,0,0,0,200,0,0,80,7748,1530,0,0138912
0,0,0,0,200,0,0,80,7748,1730,0,0139111
1,0,0,0,200,0,0,80,7748,1888,0,0139295
0,0,0,0,200,0,0,80,7748,1890,0,0139443
0,0,0,0,200,0,0,100,8223,2003,0,0139462
0,0,0,0,200,0,0,100,8288,2069,0,0139479
0,0,0,0,200,0,0,100,8288,2269,0,0139646
0,0,0,0,200,0,0,100,8288,2469,0,0139846
0,0,0,0,200,0,0,100,8288,2669,0,0140049
0,0,0,0,200,0,0,100,8288,2869,0,0140243
0,0,0,0,200,0,0,100,8288,3069,0,0140443
0,0,1,0,200,0,0,100,8288,3247,0,0140660
0,0,0,0,200,0,0,100,8288,3249,0,0140731
0,0,0,0,200,1,0,90,9588,3371,0,0140782
0,0,0,0,200,1,0,90,9619,3402,0,0140799
0,0,0,0,200,1,0,90,9619,3602,0,0140982
0,0,0,0,200,1,0,90,9619,3802,0,0141182
0,0,0,0,200,1,0,90,9619,4002,0,0141381
0,0,0,0,200,1,0,90,9619,4202,0,0141570
0,0,0,0,200,1,1,90,9619,4377,0,0141792
0,0,0,0,200,1,1,90,10648,4428,0,0141826
0,0,0,0,200,1,1,90,10679,4462,0,0141855
0,0,0,0,200,1,1,90,10679,4662,0,0142044
0,0,0,0,200,1,1,90,10679,4862,0,0142245
0,0,0,0,200,1,1,90,10679,5062,0,0142445
0,0,0,0,200,1,1,90,10679,5262,0,0142645
0,0,0,0,200,1,1,90,10679,5462,0,0142829
0,0,0,0,200,1,1,90,10679,5662,0,0143044
0,0,0,0,200,1,1,90,10679,5862,0,0143244
0,0,0,0,200,1,1,90,10679,6062,0,0143429
0,0,0,0,200,1,1,90,10679,6262,0,0143629
0,0,0,0,200,1,1,90,10679,6462,0,0143830
0,0,0,0,200,1,1,90,10679,6662,0,0144029
0,0,0,0,200,1,1,90,10679,6862,0,0144246
0,0,0,0,200,1,1,90,10679,7062,0,0144430
0,0,0,0,200,1,1,90,10679,7262,0,0144630
0,0,0,0,200,1,0,90,10679,7370,0,0144779
0,0,0,0,200,1,0,90,13638,7417,0,0144814
0,0,0,0,200,1,0,90,13668,7451,0,0144830
0,0,0,0,200,1,0,90,13668,7651,0,0145031
0,0,0,0,200,1,0,90,13668,7851,0,0145230
0,0,0,0,200,1,0,90,13668,8051,0,0145432
0,0,0,0,200,1,0,90,13668,8251,0,0145631
0,0,0,0,200,0,0,90,13668,8373,0,0145771
0,0,0,0,200,0,0,90,14629,8409,0,0145805
0,0,0,0,200,0,0,90,14659,8442,0,0145822
0,0,0,0,200,0,0,90,14659,8642,0,0146022
0,0,0,0,200,0,0,90,14659,8842,0,0146222
0,0,0,0,200,0,0,90,14659,9042,0,0146423
0,0,1,0,200,0,0,90,14659,9089,0,0146490
0,0,0,0,200,0,0,90,14659,9091,0,0146564
0,0,0,0,200,1,0,80,15418,9199,0,0146596
0,0,0,0,200,1,0,80,15450,9232,0,0146613
0,0,0,0,200,1,0,80,15450,9432,0,0146799
0,0,0,0,200,1,0,80,15450,9632,0,0147016
0,0,0,0,200,1,0,80,15450,9832,0,0147216
0,0,0,0,200,1,0,80,15450,10032,0,0147415
0,0,0,0,200,1,1,80,15450,10209,0,0147690
0,0,0,0,200,1,1,80,16470,10251,0,0147708
0,0,0,0,200,1,1,80,16535,10316,0,0147724
0,0,0,0,200,1,1,80,16535,10516,0,0147896
0,0,0,0,200,1,1,80,16535,10716,0,0148095
0,0,0,0,200,1,1,80,16535,10916,0,0148300
0,0,0,0,200,1,1,80,16535,11116,0,0148501
0,0,0,0,200,1,1,80,16535,11316,0,0148702
0,0,0,0,200,1,1,80,16535,11516,0,0148900
0,0,0,0,200,1,1,80,16535,11716,0,0149086
0,0,0,0,200,1,1,80,16535,11916,0,0149288
0,0,0,0,200,1,1,80,16535,12116,0,0149497
0,0,0,0,200,1,1,80,16535,12316,0,0149696
0,0,0,0,200,1,1,80,16535,12516,0,0149896
0,0,0,0,200,1,1,80,16535,12716,0,0150097
0,0,0,0,200,1,1,80,16535,12916,0,0150297
0,0,0,0,200,1,1,80,16535,13116,0,0150496
0,0,0,0,200,1,0,80,16535,13205,0,0150701
0,0,0,0,200,1,0,80,19494,13275,0,0150719
0,0,0,0,200,1,0,80,19559,13340,0,0150735
0,0,0,0,200,1,0,80,19559,13540,0,0150918
0,0,0,0,200,1,0,80,19559,13740,0,0151118
0,0,0,0,200,1,0,80,19559,13940,0,0151319
0,0,0,0,200,1,0,80,19559,14140,0,0151571
0,0,0,0,200,0,0,80,19559,14211,0,0151706
0,0,0,0,200,0,0,80,20500,14280,0,0151724
0,0,0,0,200,0,0,80,20565,14345,0,0151740
0,0,0,0,200,0,0,80,20565,14545,0,0151923
0,0,0,0,200,0,0,80,20565,14745,0,0152124
0,0,1,0,200,0,0,80,20565,14785,0,0152189
0,0,0,0,200,0,0,80,20565,14787,0,0152324
0,0,0,0,200,1,0,70,21117,14900,0,0152341
0,0,0,0,200,1,0,70,21183,14963,0,0152357
0,0,0,0,200,1,0,70,21183,15163,0,0152545
0,0,0,0,200,1,0,70,21183,15363,0,0152742
0,0,0,0,200,1,0,70,21183,15563,0,0152942
0,0,0,0,200,1,0,70,21183,15763,0,0153141
0,0,0,0,200,1,1,70,21183,15900,0,0153395
0,0,0,0,200,1,1,70,22190,15970,0,0153413
0,0,0,0,200,1,1,70,22255,16034,0,0153430
0,0,0,0,200,1,1,70,22255,16234,0,0153613
0,0,0,0,200,1,1,70,22255,16434,0,0153813
0,0,0,0,200,1,1,70,22255,16634,0,0154013
0,0,0,0,200,1,1,70,22255,16834,0,0154213
0,0,0,0,200,1,1,70,22255,17034,0,0154413
0,0,0,0,200,1,1,70,22255,17234,0,0154613
0,0,0,0,200,1,1,70,22255,17434,0,0154814
0,0,0,0,200,1,1,70,22255,17634,0,0155013
0,0,0,0,200,1,1,70,22255,17835,0,0155213
0,0,0,0,200,1,1,70,22255,18035,0,0155413
0,0,0,0,200,1,1,70,22255,18235,0,0155613
0,0,0,0,200,1,1,70,22255,18435,0,0155813
0,0,0,0,200,1,1,70,22255,18635,0,0156013
0,0,0,0,200,1,1,70,22255,18835,0,0156265
0,0,0,0,200,1,0,70,22255,18905,0,0156400
0,0,0,0,200,1,0,70,25193,18974,0,0156419
0,0,0,0,200,1,0,70,25259,19040,0,0156434
0,0,0,0,200,1,0,70,25259,19240,0,0156617
0,0,0,0,200,1,0,70,25259,19440,0,0156817
0,0,0,0,200,1,0,70,25259,19640,0,0157018
0,0,0,0,200,1,0,70,25259,19840,0,0157271
0,0,0,0,200,0,0,70,25259,19910,0,0157406
0,0,0,0,200,0,0,70,26200,19980,0,0157423
0,0,0,0,200,0,0,70,26265,20045,0,0157439
0,0,0,0,200,0,0,70,26265,20245,0,0157621
0,0,0,0,200,0,0,70,26265,20445,0,0157826
0,0,0,0,200,0,0,70,26265,20645,0,0158029
0,0,0,0,200,0,0,70,26265,20845,0,0158215
0,0,0,0,200,0,0,70,26265,21045,0,0158417
0,0,1,0,200,0,0,70,26265,21165,0,0158568
0,0,0,0,200,0,0,70,26265,21167,0,0158709
0,0,0,0,200,1,0,60,27496,21278,0,0158727
0,0,0,0,200,1,0,60,27561,21342,0,0158743
0,0,0,0,200,1,0,60,27561,21542,0,0158926
0,0,0,0,200,1,0,60,27561,21742,0,0159126
0,0,0,0,200,1,0,60,27561,21942,0,0159319
0,0,0,0,200,1,0,60,27561,22142,0,0159516
0,0,0,0,200,1,1,60,27561,22292,0,0159668
0,0,0,0,200,1,1,60,28597,22377,0,0159751
0,0,0,0,200,1,1,60,28597,22577,0,0159952
0,0,0,0,200,1,1,60,28597,22777,0,0160150
0,0,0,0,200,1,1,60,28597,22977,0,0160352
0,0,0,0,200,1,1,60,28597,23177,0,0160552
0,0,0,0,200,1,1,60,28597,23377,0,0160753
0,0,0,0,200,1,1,60,28597,23577,0,0160955
0,0,0,0,200,1,1,60,28597,23777,0,0161152
0,0,0,0,200,1,1,60,28597,23977,0,0161360
0,0,0,0,200,1,1,60,28597,24177,0,0161562
0,0,0,0,200,1,1,60,28597,24377,0,0161761
0,0,0,0,200,1,1,60,28597,24577,0,0161960
0,0,0,0,200,1,1,60,28597,24777,0,0162145
0,0,0,0,200,1,1,60,28597,24977,0,0162351
0,0,0,0,200,1,1,60,28597,25177,0,0162553
0,0,0,0,200,1,0,60,28597,25279,0,0162648
0,0,0,0,200,1,0,60,31576,25357,0,0162737
0,0,0,0,200,1,0,60,31576,25558,0,0162936
0,0,0,0,200,1,0,60,31576,25758,0,0163136
0,0,0,0,200,1,0,60,31576,25958,0,0163338
0,0,0,0,200,1,0,60,31576,26158,0,0163538
0,0,0,0,200,0,0,60,31576,26279,0,0163656
0,0,0,0,200,0,0,60,32585,26365,0,0163748
0,0,0,0,200,0,0,60,32585,26565,0,0163947
0,0,0,0,200,0,0,60,32585,26765,0,0164147
0,0,0,0,200,0,0,60,32585,26966,0,0164336
0,0,0,0,200,0,0,60,32585,27166,0,0164546
0,0,0,0,200,0,0,60,32585,27366,0,0164747
0,0,0,0,200,0,0,60,32585,27566,0,0164947
0,0,0,0,200,0,0,60,32585,27766,0,0165148
0,0,0,0,200,0,0,60,32585,27966,0,0165358
0,0,0,0,200,0,0,60,32585,28166,0,0165537
0,0,0,0,200,0,0,60,32585,28366,0,0165736
0,0,0,0,200,0,0,60,32585,28566,0,0165936
0,0,0,0,200,0,0,60,32585,28766,0,0166148
0,0,0,0,200,0,0,60,32585,28966,0,0166340
0,0,0,0,200,0,0,60,32585,29166,0,0166539
1,0,0,0,200,0,0,60,32585,29304,0,0166705
0,0,0,0,200,0,0,60,32585,29305,0,0166854
0,0,0,0,200,0,0,80,35634,29416,0,0166872
0,0,0,0,200,0,0,80,35699,29479,0,0166890
0,0,0,0,200,0,0,80,35699,29679,0,0167055
0,0,0,0,200,0,0,80,35699,29879,0,0167247
0,0,0,0,200,0,0,80,35699,30080,0,0167465
1,0,0,0,200,0,0,80,35699,30263,0,0167670
0,0,0,0,200,0,0,80,35699,30265,0,0167817
0,0,0,0,200,0,0,100,36599,30381,0,0167833
0,0,0,0,200,0,0,100,36665,30446,0,0167851
0,0,0,0,200,0,0,100,36665,30646,0,0168018
0,0,0,0,200,0,0,100,36665,30846,0,0168220
0,0,0,0,200,0,0,100,36665,31046,0,0168420
0,0,0,0,200,0,0,100,36665,31246,0,0168619
0,0,0,0,200,0,0,100,36665,31446,0,0168820
0,0,0,0,200,0,0,100,36665,31646,0,0169021
0,0,0,0,200,0,0,100,36665,31846,0,0169222
0,0,0,0,200,0,0,100,36665,32046,0,0169420
0,0,0,0,200,0,0,100,36665,32246,0,0169619
0,0,0,0,200,0,0,100,36665,32446,0,0169820
0,0,0,0,200,0,0,100,36665,32646,0,0170021
0,0,0,0,200,0,0,100,36665,32846,0,0170223
0,0,0,0,200,0,0,0,0,1603,0,0173740
0,0,0,0,200,0,0,100,42669,1680,0,0173832
0,0,0,0,200,0,0,100,42669,1880,0,0174032
0,0,0,0,200,0,0,100,42669,2080,0,0174233
0,0,0,0,200,0,0,100,42669,2280,0,0174434
0,0,0,0,200,0,0,100,42669,2480,0,0174619
0,0,0,0,200,0,0,100,42669,2680,0,0174825
0,0,0,0,200,0,0,100,42669,2880,0,0175026
0,0,0,0,200,0,0,100,42669,3080,0,0175227
0,0,0,0,200,0,0,100,42669,3280,0,0175431
0,0,0,0,200,0,0,100,42669,3480,0,0175631
0,0,0,0,200,0,0,100,42669,3680,0,0175831
0,0,0,0,200,0,0,100,42669,3880,0,0176032
0,0,0,0,200,0,0,100,42669,4080,0,0176231
0,0,0,0,200,0,0,100,42669,4280,0,0176435
0,0,0,0,200,0,0,100,42669,4480,0,0176636
0,0,0,0,200,0,0,100,42669,4680,0,0176835
0,0,0,0,200,0,0,100,42669,4880,0,0177021
0,0,0,0,200,0,0,100,42669,5080,0,0177223
0,0,0,0,200,0,0,100,42669,5280,0,0177422
0,0,0,0,200,0,0,100,42669,5480,0,0177622
0,0,0,0,200,0,0,100,42669,5680,0,0177821
0,0,0,0,200,0,0,100,42669,5880,0,0178026
0,0,0,0,200,0,0,100,42669,6080,0,0178228
0,0,0,0,200,0,0,100,42669,6280,0,0178426
0,0,0,0,200,0,0,100,42669,6480,0,0178627
0,0,0,0,200,0,0,100,42669,6680,0,0178827
0,0,0,0,200,0,0,100,42669,6880,0,0179027
0,0,0,0,200,0,0,100,42669,7080,0,0179231
0,0,0,0,200,0,0,100,42669,7280,0,0179432
0,0,0,0,200,0,0,100,42669,7480,0,0179631
0,0,0,0,200,0,0,100,42669,7680,0,0179832
0,0,0,0,200,0,0,100,42669,7880,0,0180035
0,0,0,0,200,0,0,100,42669,8080,0,0180234
0,0,0,0,200,0,0,100,42669,8280,0,0180419
