20,0,0,0,0,0,0,0,17529,9803,0,0
20,0,0,0,0,0,0,0,17568,9803,0,0
40,0,0,0,0,0,0,0,18157,10415,0,0
40,0,0,0,0,0,0,0,18194,10415,0,0
60,0,0,0,0,0,0,0,18954,11243,0,0
60,0,0,0,0,0,0,0,18991,11243,0,0
50,0,0,0,0,1,0,0,23760,16098,0,0
50,0,0,0,0,1,0,0,23791,16098,0,0
50,0,0,0,0,1,1,0,23791,16098,0,0
50,0,0,0,0,1,1,0,24799,17043,0,0
50,0,0,0,0,1,1,0,24830,17043,0,0
50,0,0,0,0,1,0,0,24830,17043,0,0
50,0,0,0,0,1,0,0,27803,20083,0,0
50,0,0,0,0,1,0,0,27834,20083,0,0
50,0,0,0,0,0,0,0,27834,20083,0,0
50,0,0,0,0,0,0,0,28799,21085,0,0
50,0,0,0,0,0,0,0,28830,21085,0,0
40,0,0,0,0,1,0,0,31473,23811,0,0
40,0,0,0,0,1,0,0,31504,23811,0,0
40,0,0,0,0,1,1,0,31504,23811,0,0
40,0,0,0,0,1,1,0,32518,24756,0,0
40,0,0,0,0,1,1,0,32549,24756,0,0
40,0,0,0,0,1,0,0,32549,24756,0,0
40,0,0,0,0,1,0,0,35516,27801,0,0
40,0,0,0,0,1,0,0,35547,27801,0,0
40,0,0,0,0,0,0,0,35547,27801,0,0
40,0,0,0,0,0,0,0,36530,28800,0,0
40,0,0,0,0,0,0,0,36561,28800,0,0
50,0,0,0,0,0,0,0,36620,28931,0,0
50,0,0,0,0,0,0,0,42124,1603,0,0
40,0,0,0,0,1,0,0,43158,2597,0,0
40,0,0,0,0,1,0,0,43188,2597,0,0
40,0,0,0,0,1,1,0,43188,2597,0,0
40,0,0,0,0,1,1,0,44210,3539,0,0
40,0,0,0,0,1,1,0,44240,3539,0,0
40,0,0,0,0,1,0,0,44240,3539,0,0
40,0,0,0,0,1,0,0,47206,6592,0,0
40,0,0,0,0,1,0,0,47236,6592,0,0
40,0,0,0,0,0,0,0,47236,6592,0,0
40,0,0,0,0,0,0,0,48201,7587,0,0
40,0,0,0,0,0,0,0,48231,7587,0,0
30,0,0,0,0,1,0,0,49866,9296,0,0
30,0,0,0,0,1,0,0,49894,9296,0,0
30,0,0,0,0,1,1,0,49894,9296,0,0
30,0,0,0,0,1,1,0,50922,10246,0,0
30,0,0,0,0,1,1,0,50953,10246,0,0
30,0,0,0,0,1,0,0,50953,10246,0,0
30,0,0,0,0,1,0,0,53931,13305,0,0
30,0,0,0,0,1,0,0,53963,13305,0,0
30,0,0,0,0,0,0,0,53963,13305,0,0
30,0,0,0,0,0,0,0,54910,14314,0,0
30,0,0,0,0,0,0,0,54940,14314,0,0
20,0,0,0,0,1,0,0,56711,16152,0,0
20,0,0,0,0,1,0,0,56741,16152,0,0
20,0,0,0,0,1,1,0,56741,16152,0,0
20,0,0,0,0,1,1,0,57762,17093,0,0
20,0,0,0,0,1,1,0,57793,17093,0,0
20,0,0,0,0,1,0,0,57793,17093,0,0
20,0,0,0,0,1,0,0,60767,20145,0,0
20,0,0,0,0,1,0,0,60798,20145,0,0
20,0,0,0,0,0,0,0,60798,20145,0,0
20,0,0,0,0,0,0,0,61770,21150,0,0
20,0,0,0,0,0,0,0,61801,21150,0,0
10,0,0,0,0,1,0,0,63347,22789,0,0
10,0,0,0,0,1,0,0,63378,22789,0,0
10,0,0,0,0,1,1,0,63378,22789,0,0
10,0,0,0,0,1,1,0,64388,23731,0,0
10,0,0,0,0,1,1,0,64418,23731,0,0
10,0,0,0,0,1,0,0,64418,23731,0,0
10,0,0,0,0,1,0,0,67395,26771,0,0
10,0,0,0,0,1,0,0,67427,26771,0,0
10,0,0,0,0,0,0,0,67427,26771,0,0
10,0,0,0,0,0,0,0,68397,27779,0,0
10,0,0,0,0,0,0,0,68428,27779,0,0
0,0,0,0,0,1,0,0,69702,29140,0,0
0,0,0,0,0,1,0,0,69732,29140,0,0
0,0,0,0,0,1,1,0,69732,29140,0,0
0,0,0,0,0,1,1,0,70758,30084,0,0
0,0,0,0,0,1,1,0,70788,30084,0,0
0,0,0,0,0,1,0,0,70788,30084,0,0
0,0,0,0,0,1,0,0,73765,33140,0,0
0,0,0,0,0,1,0,0,73796,33140,0,0
0,0,0,0,0,0,0,0,73796,33140,0,0
0,0,0,0,0,0,0,0,74753,34147,0,0
0,0,0,0,0,0,0,0,74783,34147,0,0
20,0,0,0,0,0,0,0,77294,36732,0,0
20,0,0,0,0,0,0,0,77325,36732,0,0
40,0,0,0,0,0,0,0,78018,37454,0,0
40,0,0,0,0,0,0,0,78049,37454,0,0
60,0,0,0,0,0,0,0,79501,38932,0,0
60,0,0,0,0,0,0,0,79532,38932,0,0
80,0,0,0,0,0,0,0,80549,39982,0,0
80,0,0,0,0,0,0,0,80579,39982,0,0
70,0,0,0,0,1,0,0,82591,42018,0,0
70,0,0,0,0,1,0,0,82622,42018,0,0
70,0,0,0,0,1,1,0,82622,42018,0,0
70,0,0,0,0,1,1,0,83641,42974,0,0
70,0,0,0,0,1,1,0,83673,42974,0,0
70,0,0,0,0,1,0,0,83673,42974,0,0
70,0,0,0,0,1,0,0,86637,46025,0,0
70,0,0,0,0,1,0,0,86668,46025,0,0
70,0,0,0,0,0,0,0,86668,46025,0,0
70,0,0,0,0,0,0,0,87641,47020,0,0
70,0,0,0,0,0,0,0,87671,47020,0,0
60,0,0,0,0,1,0,0,89018,48461,0,0
60,0,0,0,0,1,0,0,89049,48461,0,0
60,0,0,0,0,1,1,0,89049,48461,0,0
60,0,0,0,0,1,1,0,90067,49402,0,0
60,0,0,0,0,1,1,0,90098,49402,0,0
60,0,0,0,0,1,0,0,90098,49402,0,0
60,0,0,0,0,1,0,0,93068,52450,0,0
60,0,0,0,0,1,0,0,93098,52450,0,0
60,0,0,0,0,0,0,0,93098,52450,0,0
60,0,0,0,0,0,0,0,94067,53451,0,0
60,0,0,0,0,0,0,0,94098,53451,0,0
50,0,0,0,0,1,0,0,95200,54632,0,0
50,0,0,0,0,1,0,0,95230,54632,0,0
50,0,0,0,0,1,1,0,95230,54632,0,0
50,0,0,0,0,1,1,0,96257,55582,0,0
50,0,0,0,0,1,1,0,96288,55582,0,0
50,0,0,0,0,1,0,0,96288,55582,0,0
50,0,0,0,0,1,0,0,99265,58640,0,0
50,0,0,0,0,1,0,0,99296,58640,0,0
50,0,0,0,0,0,0,0,99296,58640,0,0
50,0,0,0,0,0,0,0,100253,59648,0,0
50,0,0,0,0,0,0,0,100319,59648,0,0
40,0,0,0,0,1,0,0,101858,61273,0,0
40,0,0,0,0,1,0,0,101924,61273,0,0
40,0,0,0,0,1,1,0,101924,61273,0,0
40,0,0,0,0,1,1,0,102938,62273,0,0
40,0,0,0,0,1,1,0,103003,62273,0,0
40,0,0,0,0,1,0,0,103003,62273,0,0
40,0,0,0,0,1,0,0,105952,65353,0,0
40,0,0,0,0,1,0,0,106017,65353,0,0
40,0,0,0,0,0,0,0,106017,65353,0,0
40,0,0,0,0,0,0,0,106931,830,0,0
40,0,0,0,0,0,0,0,106961,830,0,0
