0,0,0,1,200,0,0,0,0,1603,0,07681
0,0,0,0,200,0,0,0,0,1605,0,07716
0,0,0,0,200,0,0,0,0,1805,0,07882
0,0,0,0,200,0,0,0,0,2006,0,08083
0,0,0,0,200,0,0,0,0,2206,0,08283
0,0,0,0,200,0,0,0,0,2406,0,08485
0,0,0,0,200,0,0,0,0,2606,0,08685
0,0,0,0,200,0,0,0,0,2806,0,08884
0,0,0,0,200,0,0,0,0,3006,0,09082
0,0,0,0,200,0,0,0,0,3206,0,09282
0,0,0,0,200,0,0,0,0,3406,0,09482
0,0,0,0,200,0,0,0,0,3606,0,09686
0,0,0,0,200,0,0,0,0,3806,0,09884
0,0,0,0,200,0,0,0,0,4006,0,010086
0,0,0,0,200,0,0,0,0,4206,0,010284
0,0,0,0,200,0,0,0,0,4406,0,010484
0,0,0,0,200,0,0,0,0,4606,0,010685
0,0,0,0,200,0,0,0,0,4806,0,010884
0,0,0,0,200,0,0,0,0,5006,0,011086
0,0,0,0,200,0,0,0,0,5206,0,011284
0,0,0,0,200,0,0,0,0,5406,0,011484
0,0,0,0,200,0,0,0,0,5606,0,011685
0,0,0,0,200,0,0,0,0,5806,0,011906
0,0,0,0,200,0,0,20,11836,5835,0,011983
0,0,0,0,200,0,0,20,11851,5866,0,012005
0,0,0,0,200,0,0,20,11873,5900,0,012020
0,0,0,0,200,0,0,20,11906,5933,0,012054
0,0,0,0,200,0,0,20,11940,5966,0,012070
0,0,0,0,200,0,0,20,11940,6166,0,012253
0,0,0,0,200,0,0,20,11940,6366,0,012453
0,0,0,0,200,0,0,20,11940,6566,0,012653
0,0,0,0,200,0,0,20,11940,6766,0,012856
0,0,0,0,200,0,0,20,11940,6966,0,013055
0,0,0,0,200,0,0,20,11940,7166,0,013256
0,0,0,0,200,0,0,20,11940,7366,0,013443
0,0,0,0,200,0,0,20,11940,7566,0,013645
0,0,0,0,200,0,0,40,13608,7607,0,013713
0,0,0,0,200,0,0,40,13623,7639,0,013748
0,0,0,0,200,0,0,40,13645,7672,0,013780
0,0,0,0,200,0,0,40,13678,7705,0,013797
0,0,0,0,200,0,0,40,13678,7905,0,013983
0,0,0,0,200,0,0,40,13678,8105,0,014198
0,0,0,0,200,0,0,40,13678,8305,0,014382
0,0,0,0,200,0,0,40,13678,8505,0,014585
0,0,0,0,200,0,0,40,13678,8705,0,014783
0,0,0,0,200,0,0,40,13678,8905,0,014985
0,0,0,0,200,0,0,40,13678,9105,0,015188
0,0,0,0,200,0,0,60,15253,9252,0,015359
0,0,0,0,200,0,0,60,15270,9284,0,015394
0,0,0,0,200,0,0,60,15291,9317,0,015427
0,0,0,0,200,0,0,60,15329,9351,0,015443
0,0,0,0,200,0,0,60,15329,9551,0,015628
0,0,0,0,200,0,0,60,15329,9751,0,015843
0,0,0,0,200,0,0,60,15329,9951,0,016044
0,0,0,0,200,0,0,60,15329,10151,0,016244
0,0,0,0,200,0,0,60,15329,10351,0,016446
0,0,0,0,200,0,0,60,15329,10551,0,016629
0,0,0,0,200,0,0,60,15329,10752,0,016829
0,0,0,0,200,0,0,60,15329,10952,0,017030
