0,0,0,1,200,0,0,0,0,1603,0,07049
0,0,0,0,200,0,0,0,0,1605,0,07082
0,0,0,0,200,0,0,0,0,1805,0,07248
0,0,0,0,200,0,0,0,0,2006,0,07450
0,0,0,0,200,0,0,0,0,2206,0,07654
0,0,0,0,200,0,0,0,0,2406,0,07851
0,0,0,0,200,0,0,0,0,2606,0,08054
0,0,0,0,200,0,0,0,0,2806,0,08252
0,0,0,0,200,0,0,0,0,3006,0,08454
0,0,0,0,200,0,0,0,0,3206,0,08653
0,0,0,0,200,0,0,0,0,3406,0,08854
0,0,0,0,200,0,0,0,0,3606,0,09051
0,0,0,0,200,0,0,0,0,3806,0,09252
0,0,0,0,200,0,0,0,0,4006,0,09455
0,0,0,0,200,0,0,0,0,4206,0,09658
0,0,0,0,200,0,0,0,0,4406,0,09855
0,0,0,0,200,0,0,0,0,4606,0,010057
0,0,0,0,200,0,0,0,0,4806,0,010261
0,0,0,0,200,0,0,0,0,5006,0,010461
0,0,0,0,200,0,0,0,0,5206,0,010661
0,0,0,0,200,0,0,0,0,5406,0,010860
0,0,0,0,200,0,0,0,0,5606,0,011079
0,0,0,0,200,0,0,0,0,5806,0,011252
0,0,0,0,200,0,0,0,0,6006,0,011450
0,0,0,0,200,0,0,0,0,6206,0,011650
0,0,0,0,200,0,0,0,0,6406,0,011851
0,0,0,0,200,0,0,0,0,6606,0,012052
0,0,0,0,200,0,0,0,0,6806,0,012259
0,0,0,0,200,0,0,0,0,7006,0,012456
0,0,0,0,200,0,0,0,0,7206,0,012656
0,0,0,0,200,0,0,0,0,7406,0,012857
0,0,0,0,200,0,0,0,0,7606,0,013057
0,0,0,0,200,0,0,0,0,7806,0,013251
0,0,0,0,200,0,0,0,0,8006,0,013452
0,0,0,1,200,0,0,0,0,8148,0,013616
0,0,0,0,200,0,0,0,0,8151,0,013638
0,0,0,0,200,0,0,0,0,8351,0,013806
0,0,0,0,200,0,0,0,0,8551,0,014006
0,0,0,0,200,0,0,0,0,8751,0,014193
0,0,0,0,200,0,0,0,0,8951,0,014407
0,0,0,0,200,0,0,0,0,9151,0,014607
0,0,0,0,200,0,0,0,0,9351,0,014793
0,0,0,0,200,0,0,0,0,9551,0,015007
0,0,0,1,200,0,0,0,0,9591,0,015040
0,0,0,0,200,0,0,0,0,9593,0,015075
0,0,0,0,200,0,0,0,0,9793,0,015240
0,0,0,0,200,0,0,0,0,9993,0,015443
0,0,0,0,200,0,0,0,0,10193,0,015640
0,0,0,0,200,0,0,0,0,10393,0,015840
0,0,0,0,200,0,0,0,0,10593,0,016042
0,0,0,0,200,0,0,0,0,10793,0,016240
0,0,0,0,200,0,0,0,0,10993,0,016442
0,0,0,0,200,0,0,0,0,11193,0,016641
0,0,0,0,200,0,0,0,0,11393,0,016842
0,0,0,0,200,0,0,0,0,11593,0,017036
0,0,0,0,200,0,0,0,0,11793,0,017243
0,0,0,0,200,0,0,0,0,11993,0,017443
0,0,0,0,200,0,0,0,0,12193,0,017643
0,0,0,0,200,0,0,0,0,12393,0,017843
0,0,0,0,200,0,0,0,0,12593,0,018044
0,0,0,0,200,0,0,0,0,12793,0,018244
0,0,0,0,200,0,0,0,0,12993,0,018443
0,0,0,0,200,0,0,0,0,13193,0,018644
0,0,0,0,200,0,0,0,0,13393,0,018842
0,0,0,0,200,0,0,0,0,13593,0,019044
0,0,0,0,200,0,0,0,0,13793,0,019244
0,0,0,0,200,0,0,0,0,13993,0,019443
0,0,0,0,200,0,0,0,0,14193,0,019643
0,0,0,0,200,0,0,0,0,14393,0,019844
0,0,0,0,200,0,0,0,0,14593,0,020044
0,0,0,0,200,0,0,0,0,14793,0,020243
0,0,0,0,200,0,0,0,0,14993,0,020444
0,0,0,0,200,0,0,0,0,15193,0,020645
0,0,0,0,200,0,0,0,0,15393,0,020845
0,0,0,0,200,0,0,0,0,15593,0,021047
0,0,0,0,200,0,0,0,0,15793,0,021248
0,0,0,0,200,0,0,0,0,15993,0,021447
0,0,0,0,200,0,0,0,0,16193,0,021647
0,0,0,0,200,0,0,0,0,16393,0,021850
0,0,0,0,200,0,0,0,0,16593,0,022048
0,0,0,0,200,0,0,20,22163,16794,0,022249
0,0,0,0,200,0,0,20,22163,16994,0,022448
0,0,0,0,200,0,0,20,22163,17195,0,022650
0,0,0,0,200,0,0,20,22163,17395,0,022854
0,0,0,0,200,0,0,20,22163,17595,0,023055
0,0,0,0,200,0,0,40,23139,17770,0,023222
0,0,0,0,200,0,0,40,23139,17970,0,023423
0,0,0,0,200,0,0,40,23139,18170,0,023623
0,0,0,0,200,0,0,40,23139,18370,0,023821
0,0,0,0,200,0,0,40,23139,18570,0,024025
0,0,0,0,200,0,0,40,23139,18770,0,024225
0,0,0,0,200,0,0,40,23139,18970,0ì

0,0,0,1,200,0,0,0,0,1603,0,026754
0,0,0,0,200,0,0,60,25127,1610,0,026786
0,0,0,0,200,0,0,6689,25127,1810,0,026969
0,0,0,0,200,0,0,60,26969,1904,0,027053
0,0,0,0,200,0,0,60,26969,2104,0,027256
0,0,0,0,200,0,0,60,26969,2304,0,027458
0,0,0,0,200,0,0,60,26969,2504,0,027658
0,0,0,0,200,0,0,60,26969,2704,0,027859
0,0,0,0,200,0,0,60,26969,2904,0,028057
0,0,0,0,200,0,0,60,26969,3104,0,028260
0,0,0,0,200,0,0,60,26969,3304,0,028460
0,0,0,0,200,0,0,60,26969,3504,0,028661
0,0,0,0,200,0,0,60,26969,3704,0,028862
0,0,0,0,200,0,0,60,26969,3904,0,029047
0,0,0,0,200,0,0,60,26969,4104,0,029262
0,0,0,0,200,0,0,60,26969,4304,0,029462
0,0,0,0,200,0,0,60,26969,4504,0,029662
0,0,0,0,200,0,0,60,26969,4704,0,029852
0,0,0,0,200,0,0,60,26969,4904,0,030054
0,0,0,0,200,0,0,60,26969,5104,0,030253
0,0,0,0,200,0,0,60,26969,5304,0,030455
0,0,0,0,200,0,0,60,26969,5504,0,030662
0,0,0,0,200,0,0,60,26969,5704,0,030862
0,0,0,0,200,0,0,60,26969,5904,0,031061
0,0,0,0,200,0,0,60,26969,6104,0,031261
